744
1112
1241
1371
1580
1794
2031
2102
2165
2422
2635
2689
2916
2992
3080
3087
3317
3377
3451
4046
4241
4679
5103
5533
5549
5635
5957
5994
6057
6108
6196
6315
6422
6558
6924
7147
7243
7779
7847
8495
8921
9032
9457
9467
12779
12781
12856
12881
12883
12898
12927
12950
12972
13005
13038
13044
13136
13152
13254
13411
13578
13610
13689
13736
13796
14019
14024
14108
14331
14397
14421
14451
14735
14871
14979
15057
15129
15161
15213
15219
15234
15259
15287
15301
15354
15383
15421
15440
15443
15456
15461
15467
15583
15776
15868
15901
16021
16032
16073
16093
16099
16106
16116
16165
16206
16211
16213
16281
17168
17215
17218
17220
17240
17366
17389
17464
17497
17552
17784
17791
17809
17811
17825
17875
17884
18030
18241
18323
18325
18466
18486
18602
18617
18697
18721
18749
18804
18809
18835
18855
18927
18940
18945
18965
19002
19023
19027
19067
19128
19230
19282
19341
19353
19425
19596
19632
19775
19794
19818
19913
19953
19969
19990
20039
20084
20088
20111
20142
20227
20245
20364
20581
20687
21006
21033
21042
21062
21502
722
762
774
1032
1253
2017
2246
2308
2330
2372
2440
2533
2561
2789
2943
3199
3452
3592
4000
4577
5391
5395
5550
5717
5736
5751
5844
6137
6192
6249
6304
6406
6649
6699
6780
6933
6936
7143
7473
7475
7512
7876
8046
8213
8719
10028
10434
10805
12843
12853
12855
12860
12928
12971
12977
13025
13045
13070
13072
13099
13135
13305
13354
13506
13511
13641
13655
13727
13757
13830
13835
13894
13934
14157
14212
14261
14284
14298
14437
14456
14481
14846
14984
15132
15171
15201
15203
15222
15229
15356
15365
15425
15433
15453
15466
15508
15584
15648
15674
15704
15872
15897
16069
16072
16100
16185
16232
16259
16276
16350
17171
17186
17208
17223
17253
17258
17280
17332
17340
17435
17605
17629
17801
18091
18415
18463
18485
18604
18612
18650
18740
18768
18787
18807
19008
19101
19174
19207
19543
19616
19658
19702
19757
19940
19968
19992
20040
20048
20064
20106
20144
20345
20430
20625
20764
21034
22075
2008050
2008051
