SNNAME SURVEY Z ZERR T0 T0ERR X0 X0ERR X1 X1ERR X2/C X2/CERR COV_X0_X1 COV_X0_X2/C COV_X1_X2/C CHISQ/NDOF MODEL mB mBERR COV_mB_X1 COV_mB_X2/C
03D1au SNLS 0.5043 0.001 52909.335909374175 0.1982492536153586 9.945594731695803e-07 1.1103771790851438e-08 -0.18431540717425596 0.03289768487269118 -0.24811781850952627 0.029271425783423805 3.2198255703491757e-10 2.4278161985369635e-10 0.000763165041894301 2.6786128665417728 EXP_FA 22.89542310400575 0.012121715561442164 -0.00035150046719609483 -0.00026503874492786407
03D1ax SNLS 0.496 0.001 52915.8460498602 0.10734050340397516 1.028572573342932e-06 1.2040077877671617e-08 0.08184697035490866 0.02750504290941647 0.17396883274825858 0.024885511946293428 2.836734656961822e-10 2.351064217744734e-10 0.0005296214085268897 1.6934322283774905 EXP_FA 22.858912650563827 0.0127092135243403 -0.0002994388145452437 -0.00024817262360210193
03D1co SNLS 0.679 0.001 52953.42280429437 0.4423609909827064 3.997831477142237e-07 1.8740399068386696e-08 0.1067659882402311 0.17237926775751578 -0.08466935628783465 0.11053355950585884 2.8075390816433478e-09 1.5778504825625244e-09 0.014592245847825817 1.039728957297767 EXP_FA 23.8849387922342 0.050895416368845196 -0.007624750679567279 -0.004285146596118684
03D1ew SNLS 0.868 0.001 52990.5268113146 1.4503315372057841 3.1124608832783424e-07 1.3086071982074874e-08 0.1949478668651214 0.29097642848065497 0.015868946425248984 0.16830660800676733 3.039701801852092e-09 1.7604765365377896e-09 0.04571340716355012 2.278011857242099 EXP_FA 24.15674024494784 0.04564883756561276 -0.01060355269256631 -0.006141163487757613
03D1fq SNLS 0.8 0.001 52997.61611328878 1.7681873609835748 2.926593182894399e-07 3.921389553095688e-08 0.6839027937382413 0.6890546836502058 0.5880406353700246 0.4017511994049513 2.6494182825980963e-08 1.5492943840745395e-08 0.27249911104225355 1.3216642697876602 EXP_FA 24.223594108421253 0.1454795506133699 -0.09829071453381619 -0.05747724058300969
03D3ay SNLS 0.3709 0.001 52767.1428929026 0.1374451212323038 2.0800127253872324e-06 4.10975019664703e-08 0.07811593879845644 0.02241470057988026 -0.032891661987556886 0.026212052779113294 6.04299948467838e-10 8.218365852424352e-10 0.0001389825721912285 4.6414467035207 EXP_FA 22.09433502010686 0.02145229462565341 -0.0003154357300688421 -0.0004289866711399013
03D3bl SNLS 0.3553 0.001 52787.11126197454 0.2894711656772415 1.0236939500145064e-06 1.986899578086341e-08 -0.395747674845609 0.034042132604207104 -0.14641127816382546 0.029607025331643975 6.335725960654301e-10 -2.0820538329417667e-11 6.430336497358714e-05 2.8322442371842222 EXP_FA 22.86407465841654 0.021073181170177115 -0.0006719710572491785 2.2082393147368674e-05
03D4ag SNLS 0.285 0.001 52829.419795640024 2.0495681383181363e-05 5.525069386293728e-06 5.632495762799323e-08 0.18427734796393663 0.010360674680093522 -0.024627934444847992 0.013183418921805981 5.000909960151769e-10 5.812704781519644e-10 7.7303216994656e-05 61.321350813173694 EXP_FA 21.033655658860404 0.011068466557159852 -9.827331786894694e-05 -0.00011422596871855933
03D4au SNLS 0.468 0.001 52815.86010561806 1.3166211947427655 4.308152415348174e-07 1.9558735992379524e-08 -0.47568895260966837 0.10738396852157393 -0.28771412231316196 0.11044929407895858 1.7503945673154865e-09 3.8143459185285533e-10 0.006367398347821403 1.2379831381293342 EXP_FA 23.803772351194105 0.049291728190902835 -0.004411326645677121 -0.000961287591976515
03D4cx SNLS 0.949 0.001 52883.39418752376 1.035124223697494 2.5627218267774783e-07 1.3744471691375278e-08 -0.08564572936952365 0.14766335083915547 0.331111423058774 0.10643133126595747 -1.592064146189096e-09 -8.821181880234053e-10 0.009847396908214848 2.4434776483619234 EXP_FA 24.367746330473828 0.058230551496743076 0.0067450226776600225 0.0037372283000257586
03D4cz SNLS 0.695 0.001 52894.99378816344 0.5501678989639913 3.458073657647884e-07 2.563221029303336e-08 -0.20940983785244735 0.31977860656448037 0.026461473176524062 0.20271677357773435 7.569200509241231e-09 4.098004776351192e-09 0.05334506269889537 1.0732617963035656 EXP_FA 24.042414401014597 0.080477807815261 -0.023765124307811043 -0.012866562697749464
03D4di SNLS 0.899 0.001 52900.36879453276 0.000140715048473794 3.2390612323875854e-07 8.831275888015331e-09 0.05397804325405012 0.14330854321077213 -0.15207680184122077 0.07420682315512372 -5.989468120964349e-10 -2.7077990868588232e-11 0.0066420373092924475 1.4522070225815893 EXP_FA 24.113452104629793 0.0296025152903883 0.0020076750390365865 9.076566612624733e-05
03D4fd SNLS 0.791 0.001 52937.49418771494 1.9174064160579292 3.640668064272696e-07 4.5768979769836007e-08 0.3283066278242138 0.603709437371735 0.05610535306454182 0.40196248664813167 2.719728443835546e-08 1.771839102227961e-08 0.23655647806906613 0.6793642489115026 EXP_FA 23.98654728949999 0.13649428487757684 -0.08110894996335372 -0.0528405728930234
03D4gg SNLS 0.592 0.001 52941.684841884395 0.5005067986930953 6.989426458091387e-07 1.287314577150981e-08 -0.03522758955841713 0.04261037176881499 -0.1081471692442908 0.07096709450529863 -1.6801550790588142e-10 -5.719197369602889e-10 0.0006888288774999996 0.8902664501304468 EXP_FA 23.278396150873846 0.019997120675154655 0.00026099497718165424 0.0008884190546345582
04D1dc SNLS 0.211 0.001 53230.88841785088 0.0752885753827286 5.866636024594705e-06 4.31843207593284e-08 0.02518367426153576 0.008327101295890343 0.18521507380696575 0.006049870795377066 3.4036038273191766e-10 8.489731338610019e-11 2.3840816145608658e-05 7.120622402187745 EXP_FA 20.968527138166134 0.007992106605851704 -6.299037278742828e-05 -1.5711915046980254e-05
04D1ff SNLS 0.86 0.001 53250.159399974546 7.946800906211138e-07 3.3579820014957994e-07 7.308146004749615e-09 0.06328284756182852 0.08457540543788476 -0.06593450597815581 0.050390798462609805 2.1111320486562866e-10 2.670509106414206e-10 0.0026341807486766813 0.9000261270939813 EXP_FA 24.07430408993507 0.023629425957258397 -0.0006825922524987658 -0.0008634556172959318
04D1hx SNLS 0.56 0.001 53260.373336411685 0.33512722326122457 5.312155112417677e-07 6.205892988326327e-09 -0.15361831568090065 0.028342064619776345 -0.10160639277925643 0.03522684303557444 1.0016644203571912e-10 -1.485757318578344e-11 0.000353969873775948 1.7376652719269992 EXP_FA 23.576323130653392 0.012684047354961215 -0.00020472732877427295 3.0366969302044557e-05
04D1iv SNLS 0.998 0.001 53263.139975587284 1.2669689868198475 3.569912739429521e-07 7.263579938576848e-08 -0.4345383928886799 0.3074580054982444 -0.3482704159393445 0.13026501652933153 -2.2177987947273454e-08 -8.669376452698806e-09 0.035681400868216646 0.7073738639470655 EXP_FA 24.007855998408175 0.22091104996387015 0.06745107295505537 0.02636662735032806
04D1jg SNLS 0.5842 0.001 53273.06014106191 0.22032538827261305 8.069642733760084e-07 8.529064156659219e-09 0.09427927470594315 0.026163062634602347 -0.00036946099035865923 0.030460765627054 8.109145279790767e-11 8.362735814154203e-11 0.00039066184420603255 1.0183374510219314 EXP_FA 23.122364230788126 0.011475494087053461 -0.00010910511047878677 -0.00011251706356551346
04D1ks SNLS 0.798 0.001 53288.49992754728 5.9187044826103374e-05 3.9598757168467136e-07 1.0517642154515105e-08 0.48702051483405656 0.10759567722864051 0.11613983699923226 0.06159023448689677 8.36802739953316e-10 4.839777160779812e-10 0.004877616736195622 1.3411513383370008 EXP_FA 23.895296111155083 0.028837735556359104 -0.002294382692726533 -0.001326991466945466
04D1ow SNLS 0.915 0.001 53311.33973148502 0.490384603592247 3.059064352030318e-07 6.905601494083457e-09 0.20522805819154455 0.104398402237191 0.05054539594311809 0.07110439062929926 -4.1526624131089015e-10 -6.142636867195336e-11 0.004592227836063737 0.8048966074987032 EXP_FA 24.175528467200202 0.024509656205113837 0.0014738807063859735 0.00021801709516079944
04D1pd SNLS 0.95 0.001 53316.87916840901 0.00025589510187273845 2.1786670405693267e-07 9.675547710772689e-09 0.1434048048239667 0.1276424299936539 0.08154010725964904 0.09332900049973625 -9.97283384113563e-10 -4.734261457500347e-10 0.006575640720825565 1.1153297385843792 EXP_FA 24.544022841654282 0.048217980328491915 0.004969950232748054 0.0023593137324259966
04D1pp SNLS 0.735 0.001 53320.17611737614 0.495082299628848 3.9731337847239284e-07 1.739966472510187e-08 0.08078261612497 0.16322414445656738 0.17646764358764827 0.12167133893594381 2.620435141795266e-09 1.6539567094087594e-09 0.017229964207952066 1.7956784781438646 EXP_FA 23.891667027464074 0.047547973378924795 -0.007160849495193412 -0.004519758905205073
04D1qd SNLS 0.767 0.001 53328.98801511654 0.8749178875877988 3.54502779346279e-07 2.1726521421022868e-08 0.20975736880381943 0.24512075840428352 0.06401256087006572 0.14958844040319547 5.065303275005538e-09 3.041690872341695e-09 0.03505176944662949 0.9096588349271971 EXP_FA 24.01545088886082 0.06654185040172994 -0.015513512091202629 -0.009315791289065898
04D1rx SNLS 0.985 0.001 53350.268036962196 0.00048054234866867773 2.1996653854832476e-07 1.2636145933474732e-08 0.144606229502012 0.12147043524613053 -0.06765854921030956 0.11082170480083961 -1.2779192710294576e-09 -9.6471811552298e-10 0.006806630022447191 1.6507640602981173 EXP_FA 24.533608448274947 0.062370946140822545 0.006307701291621593 0.004761766913830959
04D1si SNLS 0.702 0.001 53359.449183264325 0.0003402245019969996 4.435109369505616e-07 1.6550000829031978e-08 -0.1404382587303776 0.14469178638006086 -0.13373261832368094 0.1142607352002579 2.171872575932825e-09 1.3216927842230265e-09 0.013272848537794656 0.45668903980439307 EXP_FA 23.77223916506704 0.040515201749940354 -0.005316849013972399 -0.0032355678019242973
04D2al SNLS 0.836 0.001 53039.83926417387 6.751525143045001e-05 2.1222251343411578e-07 4.252192553324556e-08 -2.8111100215752303 1.3852963471374264 -0.9605265682018814 0.4043741863332864 5.5353520532378266e-08 1.6948230509136133e-08 0.511399392571232 1.094542845644456 EXP_FA 24.57252136562993 0.21754333835937026 -0.2831901306337291 -0.08670761255529127
04D2cf SNLS 0.369 0.001 53075.36984387128 0.8409330003087234 1.6707399911514316e-06 7.153836584245802e-08 0.024170641444294844 0.026322358186030844 0.1392687258883665 0.024039224766349548 1.6769749684119436e-09 -8.962838754356365e-10 -0.00022940461787675427 1.9665201116980286 EXP_FA 22.332227829776308 0.04648945631023027 -0.0010897880264559606 0.000582453199453699
04D2fs SNLS 0.357 0.001 53106.93946155254 4.150106178713031e-05 1.8244591262156472e-06 1.5035607972595206e-08 -0.0170781683614985 0.01399789912227667 -0.006267297482716686 0.015177055408024087 1.6909517099840207e-10 6.811845036568252e-11 4.992868561222841e-05 6.172575808723497 EXP_FA 22.236664654477902 0.008947695074023296 -0.00010062858990080314 -4.0537311420864026e-05
04D2gc SNLS 0.521 0.001 53118.12738642614 0.25314012654780527 7.56590956322662e-07 1.0115761501030607e-08 -0.18033944952326442 0.04564931002244859 -0.26136735514660436 0.04164504135556097 3.3610425163357244e-10 2.8037671352442954e-10 0.0014212029655860348 2.0192059487346117 EXP_FA 23.192347135544473 0.01451649455836669 -0.000482322120720776 -0.0004023510277259356
04D2iu SNLS 0.7 0.001 53122.1299556605 0.9101756396885321 2.612527876044277e-07 3.711813253863427e-08 -0.885169078582023 0.7951486836960006 0.01648227463068328 0.311515942179546 2.8771241233738316e-08 1.0027801196609656e-08 0.21863047793292795 0.8314187645601668 EXP_FA 24.346847667180576 0.15425864244260792 -0.11956993282153297 -0.041674375661634
04D2kr SNLS 0.7441 0.001 53359.2718880875 0.515995830828615 4.7104469806061083e-07 2.297378125394289e-08 -0.07483226856439304 0.20024188519010258 -0.12023607696833967 0.13605586437873687 4.331378488946545e-09 2.8724705461374064e-09 0.02499619268938705 1.0518002861983222 EXP_FA 23.706844700330493 0.05295350137746346 -0.009983626737169448 -0.00662091152258642
04D2mh SNLS 0.59 0.001 53374.419133780815 7.275957614183426e-12 7.680063758845874e-07 8.855925822299583e-09 -0.05740865165312917 0.019612231736013588 -0.2607225814919313 0.022673480155573886 -1.2503629210826873e-11 3.9032591473375815e-11 0.000152610309012585 3.5597754192277797 EXP_FA 23.176087936249345 0.012519686807089734 1.767647164312884e-05 -5.5180658727429805e-05
04D3co SNLS 0.62 0.001 53101.35128335991 0.4287636655863025 4.903467511422961e-07 7.563806918276462e-09 0.08738490179108462 0.03979545439514399 0.139916276733695 0.05659191342814343 4.211104441082481e-11 1.1021455142870964e-10 0.0009905498610157594 0.8368320616735595 EXP_FA 23.663241744575867 0.016747942140621225 -9.324317012501595e-05 -0.00024403940374553647
04D3dd SNLS 1.002 0.001 53147.50302287932 4.034891216964752 1.3937311395913196e-07 4.652495936072365e-08 -0.6441998245445197 0.46010628821501265 -0.5300394272904667 0.19095266411338563 -2.049680701067371e-08 -2.6740242714523112e-09 0.029425649733669727 2.079599440300713 EXP_FA 25.029052491444233 0.3624359919062321 0.15967301598753272 0.02083102602392222
04D3do SNLS 0.61 0.001 53112.24624238894 0.49263953592526377 5.960169660886196e-07 9.551541739259505e-09 0.06133192948369932 0.025768263566368105 0.15545569867265052 0.03438941656233876 4.787218810105289e-11 -1.6827726117336227e-10 0.0002024119610221083 1.780977350641258 EXP_FA 23.451353443880137 0.017399596433686982 -8.720652394075683e-05 0.00030654280882717893
04D3fk SNLS 0.3578 0.001 53126.67382698036 0.08112837522639893 1.5615800798732794e-06 1.0994507289964607e-08 -0.12593698243084622 0.014307346081567328 -0.0022996360250710692 0.015705089271512006 1.2876942578495853e-10 7.249186804153727e-11 8.995199982161239e-05 1.862031350387661 EXP_FA 22.40558934918112 0.007644266709114558 -8.953087289125123e-05 -5.0402183466398225e-05
04D3gt SNLS 0.451 0.001 53135.919869734134 7.857420496293344e-05 7.82914209495403e-07 9.969711709559531e-09 -0.22877458138888876 0.03144734119765264 -0.0016352698283040703 0.02524256219143027 2.4482136441986775e-10 1.6285984005516533e-10 0.0004735634646397414 11.478267147580954 EXP_FA 23.15521456159852 0.013825878778016235 -0.0003395153847319397 -0.00022585210806555102
04D3hn SNLS 0.552 0.001 53136.92953178895 3.9508449845016e-09 6.157802885188603e-07 6.07192506310182e-09 -0.16427724907669528 0.0265136636202844 0.04000312222096088 0.02380876424344197 1.6993833661628708e-11 2.1390186451120745e-11 0.00033949324526629367 2.0176356435709524 EXP_FA 23.415935543066066 0.010705943331581683 -2.9963317774343773e-05 -3.771491275300425e-05
04D3ks SNLS 0.75 0.001 53163.92867694118 0.0002059210710285697 4.4840458828187757e-07 2.0358174124260165e-08 -0.4563370289606629 0.20854109178006933 -0.32183190589341065 0.13915270536500507 3.588762804754358e-09 2.422291644854918e-09 0.025447836585810825 2.3818052174332895 EXP_FA 23.760324880383862 0.04929389057808782 -0.00868958482860514 -0.005865171334172089
04D3lu SNLS 0.822 0.001 53167.47956413901 0.0005505392364284489 2.9083364912025175e-07 1.0800985438078946e-08 0.00708797397713144 0.17028368307370473 0.004984093665359156 0.11442852856943453 1.4882823674146805e-09 1.0229206096032768e-09 0.017161055049271803 1.5761792642877361 EXP_FA 24.23038836882906 0.040322091245840866 -0.005556035397187264 -0.0038187532419273885
04D3ml SNLS 0.95 0.001 53180.01547088662 0.7709158368452336 2.6441006787926785e-07 1.05737359975944e-08 0.0658255389389688 0.10857591662618467 -0.1719906647093544 0.09583939259349997 -9.151004937027151e-10 -5.118009785879188e-10 0.005246232901847771 0.9342601370733719 EXP_FA 24.333805030859665 0.04341849795743998 0.0037576395822368778 0.0021015873432522728
04D3nh SNLS 0.34 0.001 53173.92813873876 0.06243331490259152 2.4126744155793987e-06 1.1933451983827453e-08 0.039925671550789577 0.007281347911739611 -0.061990216702983394 0.010791798701051 7.23626049566533e-11 4.090624582498712e-11 3.383073340110308e-05 1.8647680938577706 EXP_FA 21.933253202747295 0.005370215219641518 -3.2564153523873195e-05 -1.8408365341851902e-05
04D3ny SNLS 0.81 0.001 53195.479001161984 0.0003483698965283111 2.5108278010398496e-07 2.686759997757472e-08 -1.3770778045211303 0.6252775399488477 -0.6743247936326116 0.38777316516190685 1.5758510004978266e-08 9.096301982388484e-09 0.22130997485907597 0.6136486454822212 EXP_FA 24.389957678216298 0.11618130888359 -0.06814320296422656 -0.03933437564934616
04D4an SNLS 0.613 0.001 53183.7411027996 0.5339296690035553 3.9542819339279003e-07 7.901079917599793e-09 -0.13731681895549505 0.056350161908472376 -0.02353563974485188 0.06786159581638881 -1.395612848300504e-10 6.398993013179346e-11 0.001208555180895992 1.770052983069931 EXP_FA 23.89683092355481 0.021694175242340945 0.0003831966011893124 -0.00017569860987382517
04D4bq SNLS 0.55 0.001 53193.811951612 0.2919597180807614 7.631821137987125e-07 1.0204138439365507e-08 -0.15035961961664032 0.03846469585708146 -0.2067148127993994 0.04448809088030254 1.472319450808912e-10 1.9062766496840166e-10 0.0010207025755677918 1.0581676204825943 EXP_FA 23.18292954115281 0.014516852978691937 -0.00020945859498149296 -0.0002711952412701392
04D4hu SNLS 0.703 0.001 53258.75719270456 1.1454966263845563 3.3666441420015444e-07 4.936245895380094e-08 -1.3095657961893301 0.8876844285498505 -0.6830518156382924 0.49529933950752897 4.303612074666705e-08 2.3205789256205915e-08 0.43265090899557984 0.45186284331703913 EXP_FA 24.071506966479056 0.15919297253129225 -0.13879065453950626 -0.0748382201763409
04D4ic SNLS 0.687 0.001 53256.32405544667 2.652825228349684 3.599749846162049e-07 1.262511566986936e-07 -0.059688346894262695 1.8061610947951916 0.09424914605422915 0.9971410574527562 2.2544460632865198e-07 1.1952106823683974e-07 1.7677876971429085 0.8693360829994005 EXP_FA 23.99881919544719 0.38079160380132926 -0.6799732806973563 -0.3604926913309244
04D4ih SNLS 0.934 0.001 53271.92182943808 2.0855496512303944 4.008343266954163e-07 7.830354931469465e-08 -0.644412078434173 0.5459060004836476 -0.3742539641896295 0.2612936159076051 -4.242531895708635e-08 -1.9696807419847705e-08 0.1391032477080648 1.3314498698354733 EXP_FA 23.882087733470534 0.21210009420333362 0.11491706603541949 0.05335255867476523
04D4im SNLS 0.751 0.001 53283.81944977932 0.00014560233830707148 5.102177364378311e-07 1.791721068935648e-08 0.2413148569659681 0.15461123412387798 0.04507823266815541 0.08322149190862309 2.366377800307316e-09 1.1761581910420522e-09 0.010351718911046432 4.001652278827611 EXP_FA 23.62011112076798 0.03812757366988171 -0.005035618851408972 -0.0025028481750806095
04D4jr SNLS 0.47 0.001 53297.94955055104 4.535990592557937e-05 1.4342135670959849e-06 1.2621103927119928e-08 -0.025943569596953583 0.020594930973112713 -0.2704357836785753 0.02018095821773606 2.1880160211404429e-10 2.070783127603426e-10 0.00031479169602516727 3.089758730733732 EXP_FA 22.49796543389991 0.009554497176759748 -0.00016563838644708762 -0.000156763557772902
04D4jw SNLS 0.961 0.001 53287.47817562152 1.3704370290979568 3.781369021916547e-07 1.9115597648577627e-07 -0.9803703968384033 0.6775814671952685 -0.5047472155010855 0.34446150971492573 -1.2909620326552297e-07 -6.489385930758748e-08 0.22985072953337982 1.4785849774388367 EXP_FA 23.94537734496859 0.5488619683072059 0.37067110078336685 0.18632831683012352
05D1az SNLS 0.842 0.001 53606.46392102148 0.9531570503750117 3.1207955112136006e-07 1.5937810837535447e-08 -0.20867104365203873 0.1891920200158252 -0.268344756470876 0.1323996370831721 2.6090585973280417e-09 1.8477386866216122e-09 0.023059079175627408 0.7634375242129552 EXP_FA 24.15383671840479 0.05544822846841869 -0.009077010554763745 -0.006428350661838703
05D1cc SNLS 0.564 0.001 53607.901175829466 0.23384303013517638 6.385480180139013e-07 7.278943731803542e-09 0.012694980035181247 0.019804814689921048 0.016175904610042736 0.026429452351687956 6.73140433311261e-11 6.46205633925607e-11 0.00026476741335497943 1.793827866268566 EXP_FA 23.37651609692407 0.012376536327835419 -0.0001144554393271487 -0.0001098756605108491
05D1cl SNLS 0.83 0.001 53627.81911438751 0.00011725342483259737 3.035518679330169e-07 1.127977221572722e-08 0.05658521470466315 0.12412963448460883 -0.29603309345077417 0.09603364971564465 1.0069253267270707e-09 9.580026373912928e-10 0.009458060506061673 1.2371626806088567 EXP_FA 24.183917725784156 0.040345187659139414 -0.003601543585153401 -0.003426558218047343
05D1dx SNLS 0.58 0.001 53664.219538576195 9.231812509824522e-05 8.117622326887894e-07 4.923513311567241e-09 0.07332604737685619 0.01473638754392664 0.04576037296901642 0.018745592505228104 1.7421184814484477e-11 1.8509254486160252e-11 0.00012176513044173066 8.409405772995747 EXP_FA 23.1159278953468 0.006585224640558683 -2.3300925223161785e-05 -2.4756224063469603e-05
05D1em SNLS 0.866 0.001 53668.67907548457 0.8182444964513707 3.0502589866896134e-07 1.1043412380309014e-08 -0.1760995332874831 0.20483551933865718 -0.09771503912066468 0.12451781941794389 1.8141206235156109e-09 1.1688835268728677e-09 0.02331680196737965 1.0524164861041094 EXP_FA 24.17865821170266 0.03930890031861988 -0.006457341653099826 -0.00416062757231173
05D1er SNLS 0.86 0.001 53666.15840306651 0.00044183720456203446 2.2327833434546915e-07 8.85661685949988e-09 -0.105125536485848 0.19052812083831355 -0.03406623054839039 0.09891961181460569 1.0277585320507508e-09 6.284732695886722e-10 0.013300608524371541 0.9794763508221275 EXP_FA 24.517383540851476 0.04306709651977209 -0.004997684398119984 -0.0030560787929354437
05D1hm SNLS 0.587 0.001 53694.2191212641 5.020810931455344e-07 3.962345473117766e-07 6.262224889415941e-09 -0.20299605258636633 0.037280362581410424 -0.2645168883950326 0.05348991273656864 9.628113572247127e-11 1.138516089211569e-10 0.000987632302695054 1.2781668019562618 EXP_FA 23.89461915356378 0.017159342442259282 -0.00026382332282314696 -0.00031196879377203603
05D1ix SNLS 0.49 0.001 53719.03086030274 0.10779051140343654 1.188870968740439e-06 1.5531142423290866e-08 0.07079997279264899 0.02298797056207116 -0.033631786651541866 0.025515742536596185 3.2118323290905327e-10 3.469914852287798e-10 0.0004881161555960527 1.7468928209689623 EXP_FA 22.701663194834396 0.014183813108067718 -0.00029332053141147604 -0.0003168899133392282
05D1ke SNLS 0.69 0.001 53731.1340639053 0.6268507022723497 5.733999801227063e-07 1.4824477303317008e-08 0.0002777430911063204 0.08956865262609263 -0.06396605738692564 0.08077635455233008 1.0546814216472876e-09 1.4786147725730977e-10 0.00452729589346199 2.0314206778088866 EXP_FA 23.49335581611161 0.028070234186931862 -0.001997045419714149 -0.0002799765690834644
05D2ab SNLS 0.323 0.001 53381.34179189889 0.07699662823870312 2.500283562625754e-06 1.5497017999732403e-08 0.0006358034793092443 0.008396141634143709 0.027646018204370588 0.011092020453131285 1.1360974151719463e-10 5.430640671264598e-11 3.42035820062104e-05 2.5987441805530422 EXP_FA 21.89452683561987 0.006729506108670271 -4.9334488064582075e-05 -2.3582297943965342e-05
05D2ah SNLS 0.184 0.001 53382.42007750719 0.030015512649697484 8.038357612215583e-06 2.2318393387419388e-08 -0.019751116643777964 0.0034877864159288457 0.0033762166503935086 0.004307506238741276 6.36478501270434e-11 4.364735950934866e-11 6.901214890691476e-06 5.791388216190504 EXP_FA 20.626581691815197 0.003014532184526276 -8.59687744333923e-06 -5.895423013947258e-06
05D2bt SNLS 0.68 0.001 53401.22637676199 0.2820586936759355 6.841552522992389e-07 1.582980363659263e-08 0.19800634007870402 0.07052218133561247 0.009279760287138927 0.060845784995217055 9.273552960850411e-10 6.160865766149751e-10 0.002576192024437082 2.0544028566551478 EXP_FA 23.301613336467135 0.025121477712405544 -0.001471688211484106 -0.0009777130252941505
05D2bw SNLS 0.92 0.001 53400.03642540111 0.9002451490378007 2.861768506671955e-07 1.3798545682907245e-08 0.22823953887120577 0.20903214369385484 0.12215756416122871 0.22371786743500705 -1.8081536981644642e-09 -6.988164227714977e-11 0.03029793323804266 0.24918058642626698 EXP_FA 24.24791374993915 0.0523507774511222 0.00686001655720052 0.0002651263681578951
05D2cb SNLS 0.427 0.001 53422.70946638585 5.705787771148607e-05 6.91951451819963e-07 1.67181389380994e-08 -0.30171745148599194 0.048971607227113564 -0.27487381077983697 0.043072397284991584 7.124030045723894e-10 6.016966699357502e-10 0.0014638714243075657 1.9351154507938286 EXP_FA 23.289310937797147 0.026232315393701834 -0.0011178265937708655 -0.0009441180549782597
05D2ck SNLS 0.698 0.001 53416.93950953925 0.8591307341812353 2.4434625670471914e-07 1.607992478763862e-08 0.020817011151890514 0.2726794543492919 0.42203489135805233 0.17463823518419683 3.844432435840918e-09 1.6105568247028218e-09 0.03651869645111984 0.7453985389892659 EXP_FA 24.41948577454366 0.07145006740506267 -0.017082477704510525 -0.007156401239709984
05D2dt SNLS 0.574 0.001 53450.40487765303 0.26702688865407254 5.624371670110319e-07 8.255164406046784e-09 -0.09891548001410275 0.03304377379560494 -0.10450147374731257 0.05446991619448358 1.4411090663355865e-10 2.939864149591014e-10 0.001142013019957058 1.183365004352491 EXP_FA 23.51431496990631 0.01593587941477529 -0.0002781936152336535 -0.0005675152944184476
05D2dy SNLS 0.51 0.001 53441.11521215023 0.6515634022252925 1.2059137152971477e-06 1.7653492994352356e-08 0.1809983780316509 0.02668209833000064 -0.07417928707900308 0.04360135393128 2.0892424721358979e-10 -1.3279477087931369e-10 0.0007713339804580489 3.5233641518013226 EXP_FA 22.686209413555403 0.015894202247869308 -0.00018810352380455153 0.00011956086801011645
05D2ec SNLS 0.64 0.001 53439.06351667269 1.994003333253204 5.999361699278505e-07 3.123391887658251e-08 0.25465340798885217 0.07356813460112613 0.09884211834243735 0.11115856064124131 1.2038596904816339e-09 -1.6156102384541953e-09 0.0027228312635580046 1.262570002222957 EXP_FA 23.444237384552345 0.05652567429775454 -0.0021786885287513455 0.002923855264266846
05D2hc SNLS 0.35 0.001 53471.64660797405 0.13001151656499133 1.3372679311465722e-06 1.513634816653352e-08 -0.04779932330517104 0.019042673018174083 0.05465801896746545 0.022635862264716138 2.474628257361331e-10 -6.739973138381268e-11 1.2844810722628932e-05 1.886416469049129 EXP_FA 22.573953925074605 0.012289295831792819 -0.00020091661736261495 5.472226384105028e-05
05D2ie SNLS 0.348 0.001 53480.79463013304 0.09400926938906196 2.1081261769558223e-06 2.6091862998578257e-08 0.08833302386111844 0.017566556505708052 0.07311959601895873 0.03069832071404303 3.1385322730705067e-10 5.046565089782285e-10 0.00013972326934740093 4.075233626658033 EXP_FA 22.079758497505793 0.013437943429009034 -0.00016164203812483124 -0.0002599103643576601
05D2mp SNLS 0.3537 0.001 53710.953616971085 0.10350121845840476 1.93803068910036e-06 2.1653041188869397e-08 0.018125072011542093 0.01351862004671114 -0.20613878718862222 0.02416582821216901 2.3959911190573345e-10 4.1342770692128615e-10 0.00019388242621768773 1.0167018509616805 EXP_FA 22.171098375228855 0.01213060809309872 -0.00013422977865469606 -0.0002316131689653181
05D2nn SNLS 0.87 0.001 53711.13446944044 1.3083756586893287 2.874885937754324e-07 2.731267789216621e-08 0.5781642892050746 0.2648610568813788 0.22208874286630884 0.29024756021606635 4.8384674807096685e-09 7.347102333982804e-09 0.06145655052701734 0.8379736337326532 EXP_FA 24.24294845359811 0.10314970360036575 -0.018273070421203852 -0.027747239983716417
05D2ob SNLS 0.924 0.001 53726.84391850413 2.731962921876402 2.0358203790867599e-07 1.2877940645231125e-08 0.30682981551407035 0.14431323885833086 -0.07178131898616807 0.15465727087468642 -1.3832583356258344e-10 -1.340303116049445e-09 0.004870848583417538 0.9767661173343128 EXP_FA 24.617651356374424 0.06868015736990435 0.0007377142261421663 0.007148055071036319
05D3cf SNLS 0.419 0.001 53418.59206062514 0.18744640286968206 1.0624775190935623e-06 1.7597303403884628e-08 -0.026957763805111095 0.026206770605209644 0.03007853045102856 0.02943460207011399 3.93346520284307e-10 2.415376697243429e-10 0.0003304118218027247 1.3424878831374345 EXP_FA 22.82370062598684 0.017982525811944757 -0.00040195726536656454 -0.00024682516864579145
05D3cq SNLS 0.89 0.001 53447.42800021894 1.8241255235552671 3.4461352109240815e-07 9.43523569870979e-09 0.1765898088718497 0.1268051803966436 -0.07686888588315537 0.12979587990419092 4.4760244202137e-10 1.4864691313566366e-10 0.008795662614403026 0.8344235170650556 EXP_FA 24.04616921695429 0.029726567216637474 -0.001410212156215536 -0.00046832560372362677
05D3dd SNLS 0.48 0.001 53454.98764326227 0.09020530993439024 1.1024749764391827e-06 1.2830203358500842e-08 0.05641141401693655 0.019942165318373742 0.08579983506843272 0.02191625345911747 2.0451712770134862e-10 2.380378170271646e-10 0.0003151795792198962 1.018437483151553 EXP_FA 22.783578148001133 0.01263540361317413 -0.00020141196379412364 -0.0002344237117133704
05D3gp SNLS 0.58 0.001 53454.52651091697 0.4308261612095521 6.224966274259663e-07 1.3886208568118432e-08 0.03878079675034745 0.06292287607988986 0.01916686791323454 0.08530262512172873 -1.7883933244851532e-10 4.040896397959789e-10 0.002523864710076193 1.0093517920049426 EXP_FA 23.40415749288683 0.024219825015874177 0.0003119251246019343 -0.0007047986006098396
05D3ha SNLS 0.805 0.001 53484.599249362655 0.0001468800583097618 2.929465155850324e-07 1.3554303908800523e-08 0.046571379106508264 0.1323821435456687 0.048168914066183066 0.09302027782394348 1.0216454150706512e-09 1.048890457218133e-09 0.00881345092468776 0.8217040310128534 EXP_FA 24.222529158215174 0.050235786060434266 -0.003786484414576964 -0.0038874616479146165
05D3hs SNLS 0.664 0.001 53490.129114261756 3.41970007866621e-09 6.810187899353479e-07 1.9748298909225175e-08 0.22680199339878623 0.06176016429233398 0.034805517226534674 0.061037700240702396 9.13406269129698e-10 6.796089059935032e-10 0.0020636028394853878 1.03219209340353 EXP_FA 23.306602263343365 0.03148436346399015 -0.0014562274502606736 -0.0010834884517404585
05D3jb SNLS 0.745 0.001 53515.62384513965 0.5095846324111335 4.108011482475743e-07 1.8761406852865006e-08 -0.34661071359659384 0.19474599988516228 -0.39263721923277395 0.1308360785557549 3.4553529216463457e-09 2.2384758800666358e-09 0.02304145139376918 2.077135187244744 EXP_FA 23.855420877895707 0.04958588543203541 -0.009132403313019148 -0.005916230557859727
05D3jk SNLS 0.736 0.001 53507.491146219465 0.3847440822464705 5.351706327859742e-07 1.6177493316037394e-08 -0.0341721596451008 0.11305991707774606 -0.14102844296301123 0.07904877344184214 1.6797988708692523e-09 1.0662007063220365e-09 0.007732096108131086 1.243481306325473 EXP_FA 23.5682693156834 0.0328203550781884 -0.003407919528992459 -0.0021630721819810286
05D3jr SNLS 0.37 0.001 53494.64325895772 0.20131848265737062 1.3499745477593696e-06 1.4207750797439838e-08 -0.11065659251768761 0.013597726121351333 0.08848018652846222 0.015970247681119203 1.439529079852285e-10 -5.5285747765117456e-11 2.7106174463487606e-05 2.6836395027107915 EXP_FA 22.56368604889556 0.011426785382409486 -0.00011577617092054799 4.4464347905923146e-05
05D3kp SNLS 0.85 0.001 53529.95079099877 0.6682383292245504 3.7835799147036393e-07 1.4595501444974384e-08 0.09941856621107671 0.1638221224736577 -0.1162341085473027 0.11368393414094113 2.1159683053766624e-09 1.4989649160462396e-09 0.01682878479394432 0.9637831395856629 EXP_FA 23.944742721673116 0.04188325528377148 -0.006071983277900708 -0.004301430168526281
05D3kx SNLS 0.219 0.001 53533.76559393061 0.03660031310573686 8.059127648812288e-06 5.0484158531558155e-08 0.1109575038690124 0.007445553131594628 -0.038248333219104286 0.007056477731634721 3.5327506649100767e-10 2.2920328874967684e-10 3.298955882836154e-05 2.974115067236503 EXP_FA 20.62377991341868 0.006801291786529733 -4.759367845279757e-05 -3.087856647633949e-05
05D3lb SNLS 0.647 0.001 53527.75967352566 0.39847662109241355 4.6114070060899446e-07 1.1692799606241453e-08 -0.0030013204206474323 0.07764449163197783 -0.11285152833942702 0.06513072780489006 7.949266804531953e-10 4.72118616319746e-10 0.0036771143165714006 0.6459561952990169 EXP_FA 23.729916362366126 0.027530200328689722 -0.0018716211255185755 -0.0011115832413007842
05D3lr SNLS 0.6 0.001 53540.31862996133 0.3325544685430941 4.5760351946131265e-07 8.072014212949382e-09 -0.21468167980876476 0.04166980898604861 -0.22569043994222554 0.07726278890718129 7.44792376961005e-11 3.224345443644277e-10 0.001965287556932218 0.5445755839713565 EXP_FA 23.738276610030866 0.019152121221966013 -0.00017671368647827752 -0.0007650265865377535
05D3mn SNLS 0.76 0.001 53559.24148952501 0.7796523246215656 3.9914589160257553e-07 2.5787937388009477e-08 0.049271102381915226 0.304416096015761 -0.0077576969667515925 0.21420065173965272 7.721113738420478e-09 5.143672512063214e-09 0.062311117102089614 1.2200737723629211 EXP_FA 23.886670841376997 0.07014702608056862 -0.021002578012766924 -0.013991554439765635
05D3mx SNLS 0.47 0.001 53569.509309986475 0.13674542535227374 9.79485351914459e-07 1.9897537764110855e-08 0.1575962140413691 0.043545777965346005 0.356726779099753 0.04253961195260775 7.363362071959809e-10 7.219268550234882e-10 0.0015033435256523232 0.8454504389149594 EXP_FA 22.91200513610596 0.022055947129594206 -0.0008162111638161381 -0.0008002387398179568
05D4af SNLS 0.499 0.001 53536.77449372876 0.25672395714354934 9.079509233543966e-07 1.7305251509625336e-08 -0.04719509882289824 0.039853803335368185 -0.023600364059088542 0.044417842246304705 6.022269613194076e-10 6.314611809334392e-10 0.0013958546018441092 1.4855457851814973 EXP_FA 22.994344063423036 0.02069378158351374 -0.0007201486320100765 -0.0007551071852053742
05D4av SNLS 0.509 0.001 53554.728546742735 0.501951248934347 5.56753250594183e-07 1.044319215153095e-08 -0.43957676276479085 0.045652568679916385 -0.24056482830651676 0.049148383469790155 3.8982583565229787e-10 1.3548194427845005e-10 0.001189634900106245 2.0537273157797946 EXP_FA 23.525343096664333 0.020365488302155888 -0.0007602075477172156 -0.00026420618440422205
05D4bf SNLS 0.589 0.001 53550.32798227282 0.5491693630829104 5.859115426510156e-07 1.1725345799757651e-08 -0.006363016419853446 0.046401831181483645 -0.039241020359758086 0.04962110844862967 2.9100427245009985e-10 4.8011102591815385e-11 0.0011429662018895912 1.1871467363768426 EXP_FA 23.46991986540848 0.021727908602900234 -0.0005392518346861834 -8.896802421477348e-05
05D4bj SNLS 0.701 0.001 53563.41637960698 0.4695269524017931 3.6814363211158633e-07 1.3405393505869139e-08 -0.1207714962172046 0.14044906467946158 -0.11824692733398537 0.09529368737947966 1.6691317678675067e-09 9.632558156962016e-10 0.010799846845142146 1.2696217171691258 EXP_FA 23.97445676810345 0.03953544160160843 -0.004922635169569891 -0.0028408523802149867
05D4cn SNLS 0.763 0.001 53583.10783508258 3.8366124499589205e-08 3.565380761126273e-07 1.341103047579241e-08 -0.3270594658861112 0.17375719180052962 -0.33876162058162834 0.1122614417171921 2.117772647105033e-09 1.2755204612172957e-09 0.01754849252868812 2.86636954923568 EXP_FA 24.009235208270894 0.04083951282129772 -0.006449079608771025 -0.003884238002720176
05D4cs SNLS 0.79 0.001 53588.49502001314 0.7241317190637346 4.396325076864047e-07 2.0842159656295087e-08 0.0367257127756857 0.2078416484269741 -0.21253513719370667 0.13609228908054175 4.126906746100115e-09 2.6807024092374522e-09 0.026927556846056886 1.2775405234018293 EXP_FA 23.781775505209332 0.05147273445104392 -0.010191994426166553 -0.006620383181417437
05D4dt SNLS 0.407 0.001 53608.46951258361 0.00011534599980222993 1.2731299494355154e-06 1.2946128327590978e-08 0.12393248801509132 0.015597738161059518 0.19818334336333832 0.018577096367616248 1.618235996617486e-10 8.958963934382489e-11 0.00011812640456092155 4.018485446066189 EXP_FA 22.627318163209885 0.011040569929992278 -0.00013800456191840222 -7.640281736357098e-05
05D4dy SNLS 0.81 0.001 53612.49728966571 0.0009389461338287219 2.510616100380837e-07 1.3237948659560762e-08 0.27469048322050676 0.23997860199757767 0.06621464861486402 0.15961192499988852 2.701208281021606e-09 1.7029729044497359e-09 0.03342621499276256 1.002053801710632 EXP_FA 24.390049226015982 0.057248577885859304 -0.011681593322263612 -0.007364643833052422
05D4ej SNLS 0.585 0.001 53627.44094586307 0.20888388291132287 5.237727815584399e-07 6.630863329540677e-09 -0.026923655944166052 0.02700557099832473 -0.07215932006321603 0.038125516150093304 5.2536747756442004e-11 1.37128540033545e-10 0.00047185012425587073 0.9208447044563245 EXP_FA 23.59164268481377 0.013745212884610501 -0.0001089041873265997 -0.0002842557419212371
05D4ev SNLS 0.722 0.001 53628.90785598447 0.9720654954253405 3.881495368709822e-07 3.54261983284886e-08 1.0235236677721515 0.37861787252396284 0.6118848291477798 0.1946405480143087 1.2707715037937731e-08 6.536859486512979e-09 0.0696358163979055 0.6345154011736126 EXP_FA 23.91700231922028 0.09909455626883039 -0.03554616194485995 -0.01828497611291203
05D4fg SNLS 0.839 0.001 53640.72910626103 0.000194668369658757 3.6726535727587897e-07 1.1230288538251179e-08 0.22060619021171826 0.12225246562928957 0.02465811944789896 0.0758909127858587 9.31320053214987e-10 6.282235681630484e-10 0.007310401865512124 0.7701767710472247 EXP_FA 23.97705008761401 0.03319978488115457 -0.0027532351744061164 -0.0018571995945824967
05D4gw SNLS 0.808 0.001 53677.85824190079 2.9686428764362063 2.1554791307698219e-07 4.491941246914181e-08 -0.8930536168372181 0.9803085481397159 -0.8526198228253258 0.6845460314196776 4.326442632975811e-08 3.0084422777677375e-08 0.6572805420746239 0.7296997709375851 EXP_FA 24.555640444012454 0.22626353332770505 -0.217927204090038 -0.15153821970574458
06D2bk SNLS 0.499 0.001 53773.51289158214 0.29265072147973115 7.86015416132571e-07 2.2597103222200635e-08 -0.09063185003161206 0.07146083885974967 -0.12947419848432806 0.07447736646587128 1.5155965200454517e-09 1.5453433397475506e-09 0.004816747807000251 1.3969536969560485 EXP_FA 23.150922340131594 0.031213755592373493 -0.002093518752743187 -0.0021346085309639413
06D2cc SNLS 0.532 0.001 53787.769899699684 2.6702764444053173e-09 6.61829800104955e-07 1.686282468211129e-08 -0.06732654150388333 0.09911713792196417 0.014949265505219168 0.1236220751233129 9.234450725203247e-10 1.114357780016446e-09 0.010082952691875908 0.990956205056098 EXP_FA 23.33763420456867 0.027663576449645805 -0.001514917805426433 -0.0018281113764080756
06D2ce SNLS 0.82 0.001 53799.46296253189 4.777162176560523 3.605411078996535e-07 2.3030300501824648e-07 0.07671651200309743 3.4255293842886556 -0.23549733069047113 1.1378497559638276 7.875822500253124e-07 2.602861797253062e-07 3.8660790888002836 0.35223961126155157 EXP_FA 23.997113027665314 0.6935362019315072 -2.371731112878662 -0.7838277598142865
06D2fb SNLS 0.124 0.001 53853.451433383285 0.041178025159751996 2.0083259975267382e-05 6.217669679625217e-08 0.024644398258173286 0.0034085543102799144 0.05154956480258203 0.0043972406316608965 1.8534988918976673e-10 1.2376973843645378e-10 9.516095580345093e-06 6.728693334019537 EXP_FA 19.632414474540163 0.003361381114773973 -1.0020339600695625e-05 -6.691208809694882e-06
06D2gb SNLS 0.442 0.001 53872.49193122968 0.3039968018711079 9.736097217320979e-07 3.037580421032937e-08 -0.004860605211456537 0.050742390926900846 0.30028083237566 0.06589540844427398 1.3983175991883084e-09 1.6137100736443548e-09 0.0025478240072125393 0.68439757983489 EXP_FA 22.918537745548292 0.033874056147596636 -0.0015593558787480638 -0.0017995541866833247
06D3cc SNLS 0.683 0.001 53767.63071523118 4.310052908942453 2.922531727796472e-07 4.452852642318805e-08 -0.5414297712335933 0.6025518170174935 -0.031023814055295328 0.3961360723746961 1.9724724580703767e-08 3.995887131131577e-09 0.18602990855890333 0.11636819720688489 EXP_FA 24.22510191330484 0.16542586286526423 -0.0732784092725652 -0.014844934914249064
06D3do SNLS 0.726 0.001 53848.70137265674 1.7787176317178819 4.6071265133663015e-07 2.122904296845916e-08 0.03573371506165037 0.12286039677509476 -0.10687944840269471 0.11278912133624894 1.8037899744869727e-09 -7.013553927538198e-11 0.008376052045162449 0.8269318045542318 EXP_FA 23.73092465424866 0.050029319742688656 -0.0042508927753522234 0.00016528457382403896
06D3ed SNLS 0.404 0.001 53875.94785804118 0.32689672615015297 1.5153093977833363e-06 2.055939527861465e-08 0.10824562684031165 0.012626667897429895 0.07327895770051811 0.018880140676604526 1.9399395612887255e-10 -1.3213058693517962e-10 1.1184531947741891e-05 1.38750227321752 EXP_FA 22.438246708281767 0.014731037657774072 -0.000138998848671757 9.46730497423987e-05
06D3em SNLS 0.69 0.001 53880.7801081851 1.1991584367897303 3.45362912035529e-07 6.005767402104444e-08 0.8977034223496323 0.7912569978736564 0.5958097652753083 0.48480964562999185 4.6579353537438414e-08 2.7384738495480693e-08 0.37611989158630016 1.285975429615211 EXP_FA 24.04381075611611 0.1888065822525309 -0.14643405173924084 -0.08609089455244788
06D3et SNLS 0.576 0.001 53894.51761561011 0.13828042464956525 6.151005687278103e-07 5.823247567911356e-09 -0.018558666634662283 0.0229436943028543 0.2628019099696422 0.030528834985769544 3.804678280086683e-11 5.881911434294977e-11 0.0003881922708453695 1.6364897268198562 EXP_FA 23.41713467855819 0.010278824366603495 -6.715774893023987e-05 -0.00010382374073565277
06D3gh SNLS 0.72 0.001 53923.05016681259 0.9983837462532392 4.4786051156715467e-07 3.9695445637035505e-08 0.02162356240444178 0.3760129908783029 -0.12625897733975705 0.2468347080721693 1.4045958544019256e-08 9.033806554254007e-09 0.08543941131007497 0.7142167225385601 EXP_FA 23.76164307041492 0.09623260229245534 -0.03405123990148167 -0.021900414502751146
06D4bo SNLS 0.552 0.001 53918.374972291196 0.2551739594200626 8.656049600990326e-07 8.087488833006667e-09 0.03906382844833181 0.022837343866609554 -0.0853565286186496 0.02587360495579755 8.529421305583908e-11 7.992999871334552e-11 0.000278655948230701 1.3705264206198358 EXP_FA 23.046200659078437 0.0101442110851211 -0.00010698531020488029 -0.00010025692717775235
06D4ce SNLS 0.85 0.001 53927.02707627816 1.1534523013942817 3.1873820745090736e-07 2.135980033022282e-08 -0.26756367163063616 0.24608750197055637 -0.5149839357940384 0.17853249834866222 3.722147720309008e-09 3.497111881390486e-09 0.03587511011780076 0.5704857629694717 EXP_FA 24.13091468528703 0.07275911077745364 -0.012678964883806314 -0.011912412421721611
06D4co SNLS 0.437 0.001 53939.73726418854 0.24850808925475576 1.592943392508391e-06 1.538713774636385e-08 0.06731025425469331 0.014424328318817826 0.05914035287750408 0.016703254159751126 1.802933112596422e-10 -6.751845477880041e-12 4.7012321291792735e-05 1.6110492707816708 EXP_FA 22.383999142979995 0.010487737742218384 -0.00012288633508945545 4.601998488297318e-06
06D4dh SNLS 0.303 0.001 53956.4597703956 4.7584762796759605e-09 4.495177014697607e-06 2.2282950686158735e-08 0.1873604766196364 0.004974327671910084 0.049765998578511994 0.006801813263579268 9.487792116806787e-11 1.045421331074498e-10 2.0217736666072008e-05 8.340965151033942 EXP_FA 21.25763300399111 0.005382080890184933 -2.2916204124452864e-05 -2.5250435848528496e-05
03D1aw SNLS 0.582 0.001 52901.040266048774 0.40729631010617595 6.460865366366558e-07 7.93433721076191e-09 0.0004152122434116281 0.028827932048792186 -0.20199819050307358 0.042435068403612004 1.0152545910769118e-10 -3.609133735018378e-12 0.0006414609360571769 1.0490785778551182 EXP_FA 23.3637732720913 0.013333503612889073 -0.0001706116137812388 6.065080978660136e-06
03D1bp SNLS 0.347 0.001 52920.28811659514 0.06889439301448874 1.6823150707121779e-06 1.4558550167197834e-08 -0.004284178420930764 0.012507013461155918 0.1951208514270237 0.017807500887435643 1.4953352790413858e-10 9.849841054826283e-11 4.821417279356623e-05 4.384341972591576 EXP_FA 22.324731661271624 0.009395829164523093 -9.650627750841206e-05 -6.356912109103706e-05
03D1fc SNLS 0.332 0.001 53002.3746826649 0.05805731337386533 2.9585662307435607e-06 2.1391866281857477e-08 -0.0011549117617082076 0.010826984052639686 -0.12620567070932587 0.016414803157588996 1.9527877598668396e-10 2.5315455764411315e-10 0.00011609012930586045 3.9257113399237054 EXP_FA 21.711796760301965 0.007850398435636877 -7.166350879909457e-05 -9.29027938525019e-05
03D3aw SNLS 0.449 0.001 52766.64207450389 0.19133874156614183 1.380188376490435e-06 3.390703515762258e-08 0.04518309606567107 0.04344782225034243 -0.1559220484623914 0.04265475701033725 1.0225153767631515e-09 1.2621037637830673e-09 0.0011883454368487496 6.648401962026318 EXP_FA 22.53965408601314 0.026673239895157706 -0.0008043698841288908 -0.0009928440014726316
03D3ba SNLS 0.2912 0.001 52750.44015391722 0.542337115319242 2.546167270556043e-06 6.606955913925571e-08 -0.21969692574690403 0.024081729253666435 -0.19686361378069228 0.02059844347998519 1.2978573200274162e-09 -4.362778562914345e-10 8.86080163626037e-06 5.312186631973107 EXP_FA 21.874782671881455 0.028173369919342602 -0.0005534320927220119 0.00018603752761554816
03D3cd SNLS 0.4607 0.001 52801.691590104485 0.11059187794307945 1.5593250654544516e-06 4.5142306389379484e-08 -0.04794139779825114 0.04716001276543907 -0.2754506279382156 0.07753798190529969 2.057267432546619e-09 3.4358150053436987e-09 0.00348859132405227 3.035271293979938 EXP_FA 22.40715834990933 0.031431955721784824 -0.0014324465012910503 -0.0023923098696971893
03D4at SNLS 0.634 0.001 52816.67194339179 1.4874283668614225 5.148179627351686e-07 4.02590382482833e-08 -0.017294467338244787 0.22053322004884504 -0.03693989191548985 0.15362824454767854 8.067386383655192e-09 2.6487373109969337e-09 0.023710244308855627 0.6364850367966367 EXP_FA 23.61036577086888 0.08490514814726664 -0.017013884729218377 -0.00558611043826853
03D4cj SNLS 0.27 0.001 52889.139594932116 6.421181751647964e-06 6.385673159940803e-06 4.107454185484184e-08 0.09982458375221738 0.006713084099758424 -0.09242429868114518 0.00726497477389601 2.5837901554987425e-10 2.0748511630701584e-10 3.180895459142453e-05 33.71299171548456 EXP_FA 20.876483284671014 0.006983776975216869 -4.393138275415005e-05 -3.527805089308186e-05
03D4cy SNLS 0.927 0.001 52899.64881489082 0.00046364117952180095 2.22987187570749e-07 1.3205590694768858e-08 0.21302229052959648 0.22048468453325337 -0.006303340561398301 0.13739080730274203 -2.0213444890264588e-09 -3.8648331740551533e-10 0.016925568037865102 1.2290795476527743 EXP_FA 24.518800224971294 0.06429870737742967 0.009842031364820161 0.0018818073576943061
03D4dh SNLS 0.627 0.001 52905.42414007016 1.032488457254658 7.676511693414379e-07 3.03478838192107e-08 0.0729178380793777 0.09740103528378567 -0.11852515397855425 0.08226260376136774 2.65047408904497e-09 6.4653500466011e-10 0.004420117078759973 1.93273279179954 EXP_FA 23.17659021048639 0.04292287632229865 -0.0037487283198151277 -0.0009144341730178815
03D4dy SNLS 0.61 0.001 52902.97141276267 1.0603648898395477 8.549156968320616e-07 1.80877216509528e-08 0.0686467408124043 0.030374794390765122 -0.188230631857809 0.06311331763897329 2.072376681083402e-10 -7.585772095839986e-10 0.00014605265655412856 0.9819788140226398 EXP_FA 23.059691772260727 0.022971264103347846 -0.00026319020704455956 0.0009633870843659719
03D4gf SNLS 0.58 0.001 52936.621209771685 0.5324418116033485 7.757021993448921e-07 1.2100523484289619e-08 0.07032915891394584 0.030670527057204508 -0.001170178919556733 0.06329944600722051 -2.0266501468364014e-11 -5.919392705965714e-10 0.0005677420829403755 1.93994173430006 EXP_FA 23.165262443002284 0.016936881775654 2.8366652056123887e-05 0.0008285265887444837
04D1aj SNLS 0.721 0.001 52999.25507753784 0.8703725834348006 4.253832243195254e-07 3.265113787916869e-08 -0.2696578480284888 0.38362263526107787 -0.2060252577903922 0.25116217773409205 1.21977873683446e-08 7.708160344232004e-09 0.09168512694246614 2.228421765146167 EXP_FA 23.81754910301504 0.08333784807492657 -0.031133290187779578 -0.019674092158197574
04D1de SNLS 0.768 0.001 53245.25931843644 1.1891097528859973e-07 3.814223763344704e-07 9.271865241338118e-09 0.16236969568368292 0.08213709812106046 -0.037177040595216725 0.059254968522040444 5.487364941746715e-10 4.667223603366701e-10 0.003492331085965688 1.4505332864194596 EXP_FA 23.935984581099135 0.02639278763585611 -0.0015620034784614872 -0.001328546502849463
04D1hd SNLS 0.369 0.001 53267.21953591558 2.9103830456733704e-11 2.294276609736849e-06 1.1019247532685273e-08 0.1187212317629773 0.006881572016171087 -0.009351161686790944 0.007638578499444061 6.376294326684072e-11 3.2142608006955915e-11 2.0921032444969493e-05 16.5448409216776 EXP_FA 21.98788555627834 0.005214713842547672 -3.017497355503622e-05 -1.521106612881495e-05
04D1hy SNLS 0.85 0.001 53264.37208045711 0.8058405304436747 3.0561245303055317e-07 1.1896275632202167e-08 -0.07436156312735548 0.18884366566733607 -0.26285794433889714 0.12301426193442405 1.9895663624232596e-09 1.357623776939538e-09 0.021125588190969925 1.2296693769631504 EXP_FA 24.176572382993953 0.04226338628410708 -0.0070682467616459 -0.004823171544375413
04D1jd SNLS 0.778 0.001 53257.308741035915 7.887138053774834e-09 2.8463512399766757e-07 1.0418829389034132e-08 0.2515877100232268 0.1766107944003265 0.04226121503003075 0.10882924371626355 1.5147934665651441e-09 9.033657990292508e-10 0.016185860964112894 1.6528434710809286 EXP_FA 24.253778772425292 0.03974246087410167 -0.005778155858917565 -0.003445874635466111
04D1kj SNLS 0.585 0.001 53296.86002594782 0.15396315627731383 7.63548765909273e-07 5.321774632881359e-09 0.07616085969300494 0.017192555147924834 0.018504164515039525 0.020307219432921162 1.51838035402482e-11 1.9060393190434817e-11 0.00013637709613754833 1.1645527469281582 EXP_FA 23.18240805110642 0.0075673534559405715 -2.1590769267959237e-05 -2.7103126725817253e-05
04D1oh SNLS 0.59 0.001 53308.1147241098 0.20598532672374859 7.185960069547638e-07 8.449395491798738e-09 0.08376761243347923 0.025981569101149165 0.03393552797510722 0.03941836904698419 4.203037826274533e-11 1.2768509758672007e-10 0.0003539847745851207 1.2829692630961143 EXP_FA 23.248288000956485 0.012766303326179644 -6.350425404244472e-05 -0.00019292110158733997
04D1pc SNLS 0.77 0.001 53326.73683463823 1.4126023104472551 2.0690269194136372e-07 2.4075201976365273e-08 -0.8048559247612991 0.578126892359743 -0.4473227706686723 0.35071692044741776 1.3654112412438233e-08 8.197135528822846e-09 0.19864761405467016 0.43080459335028 EXP_FA 24.600084647095038 0.1263362896699872 -0.07165090048331947 -0.04301503637021012
04D1pg SNLS 0.515 0.001 53326.529821306525 9.797560414881445e-05 5.942991380671117e-07 1.3498805017046162e-08 -0.21763255159254155 0.056526234440569534 -0.20113983853794662 0.0487323254218289 6.619718437944997e-10 5.443969985243977e-10 0.0023060051789013996 2.3288098524956697 EXP_FA 23.454487249034642 0.02466121922310889 -0.0012093687358789653 -0.0009945690531909359
04D1pu SNLS 0.639 0.001 53329.5291694637 1.7424786872979894 4.907945021480165e-07 1.0952093682133588e-07 0.8325047225512258 0.7211700867029172 0.554843098770163 0.4214235378611256 7.768717465605213e-08 4.430979583858371e-08 0.29395391076806837 1.4842598874817812 EXP_FA 23.662250777149424 0.24228235191210504 -0.17185966387212287 -0.09802218516474445
04D1rh SNLS 0.436 0.001 53350.143568706066 0.2919853135572339 1.5404201649596856e-06 1.7124541015623515e-08 0.021080065112845468 0.018656272868434354 -0.13564153692631142 0.03448098359764669 2.510236107162093e-10 1.2537300303322145e-11 0.0002540366650337406 1.2840014232640777 EXP_FA 22.42040201213736 0.012069910920060302 -0.00017692927462477877 -8.836680510215327e-06
04D1sa SNLS 0.585 0.001 53359.16933423133 0.00031395968107972294 5.839968796425168e-07 6.876601280823217e-09 0.05215102956274099 0.033647249977799824 0.10215947010042359 0.057994139650063406 3.19384394887764e-11 -2.730786314021615e-11 0.0008809829141521403 1.611550680410178 EXP_FA 23.4734736834076 0.012784614501444216 -5.9378262599053606e-05 5.076933921986344e-05
04D1sk SNLS 0.6634 0.001 53354.64830065564 0.8808480767766014 3.9375122338654823e-07 1.621686991105574e-08 -0.08956993437621594 0.1361240369307774 -0.1556263572950046 0.11769171320520817 1.880203551481042e-09 7.316744010266091e-10 0.010906279922739058 0.6268432797834351 EXP_FA 23.901445209614103 0.044716668151150905 -0.005184504699693903 -0.0020175312230317445
04D2an SNLS 0.62 0.001 53031.24500889918 0.4726433602772886 5.962205601863669e-07 1.3091848417934292e-08 -0.027656205092742785 0.03091228422282913 0.00970770858439646 0.09093419040531411 -2.107967416914058e-11 -8.96870192613425e-10 5.543429259587894e-05 0.5104075913011478 EXP_FA 23.450982629373335 0.023840663612998504 3.838674302474013e-05 0.0016332285468055865
04D2fp SNLS 0.415 0.001 53107.224464789004 0.15220014691294637 1.6033961002423527e-06 1.9605387371775357e-08 0.0820423300164122 0.018812625736950608 -0.010830344378320391 0.021603815319957382 3.04134161059967e-10 2.3207237339350065e-10 0.00018705054381672296 1.872699402217098 EXP_FA 22.37689794255583 0.013275745696666548 -0.00020594379000712007 -0.00015714730619550954
04D2gb SNLS 0.45 0.001 53108.06135226668 0.260721787741204 1.0764797076075064e-06 1.817416973800474e-08 -0.017628473975250997 0.03197434589234401 0.25985644421757376 0.038808049354193165 4.69468770406748e-10 2.211817239720156e-10 0.0004903635918229884 0.5469537525559971 EXP_FA 22.809485381292244 0.01833044685981754 -0.00047350566613721645 -0.0002230836344151462
04D2gp SNLS 0.732 0.001 53110.69915125187 0.0002713537796807941 3.0107730966640897e-07 2.6419666123919514e-08 -0.22343391277208688 0.3881978790302859 0.065060036090191 0.2132239748919457 9.321894898634332e-09 4.723731151699719e-09 0.07389466427234977 1.464855563164921 EXP_FA 24.19280493335352 0.09527382870580249 -0.033616345249037595 -0.01703458137920385
04D2ja SNLS 0.74 0.001 53122.71972953008 8.152460577548482e-05 3.8457989821575953e-07 2.1014149289004525e-08 0.10919115043365744 0.2152011980724712 -0.011466456853664998 0.14766282370172487 3.5006245581091473e-09 2.622542995301744e-09 0.02495760782257271 0.7371266671419604 EXP_FA 23.927033549607643 0.059326612756198285 -0.009882874377048708 -0.0074038968020540465
04D2mc SNLS 0.348 0.001 53367.31767988009 0.08978163267602213 1.4008335164783835e-06 2.169471498456901e-08 -0.22899852921438174 0.023068672170419954 0.2130713007530333 0.022188582236539765 4.448142307711233e-10 2.1350730679692307e-10 0.00016887397250334816 3.40053604562126 EXP_FA 22.523533689571167 0.016814801497518822 -0.0003447596799039743 -0.00016548191504768154
04D2mj SNLS 0.513 0.001 53373.64900111037 0.00020929665333824232 4.927644744477098e-07 8.794172430280944e-09 -0.36302538840336235 0.04480499935687421 -0.35431679504913044 0.04345295177176139 3.1290490176830637e-10 2.525740592917473e-10 0.001354989729969241 3.129062198914111 EXP_FA 23.65790152477278 0.019376704071744157 -0.0006894413012969491 -0.000556510898767879
04D3cy SNLS 0.643 0.001 53099.95969504134 6.288975419010967e-05 5.10772623647568e-07 1.82986678990459e-08 0.13231130893420148 0.11489103405697247 0.06122848325095805 0.08117873051092375 1.7522501316479497e-09 1.0222183793585277e-09 0.006044568897632118 1.3538227238421159 EXP_FA 23.61893097016904 0.03889700684222274 -0.0037247129537527567 -0.002172903268998486
04D3df SNLS 0.47 0.001 53119.165983039406 0.15791018547679414 5.960242078226962e-07 7.819972452729132e-09 -0.11670251264290497 0.03775431697905795 0.29061650118448407 0.028882335648990395 2.495139777332336e-10 1.4915739808986665e-10 0.0008048186284175979 3.755794789878128 EXP_FA 23.45134025203233 0.014245104646261214 -0.00045452240976556784 -0.0002717097480071891
04D3ez SNLS 0.263 0.001 53115.27327336894 0.0803619133621396 3.23718307393495e-06 2.7975785966179903e-08 -0.1163211057369527 0.012826218171978737 0.09793045456373062 0.011742799925919246 3.31795226269311e-10 1.2377590216109946e-10 7.618524805822166e-05 4.61195274915402 EXP_FA 21.61408184760767 0.009382948998038742 -0.00011128258164547215 -4.151386411691283e-05
04D3fq SNLS 0.742 0.001 53121.30207895477 0.779965226585773 3.352394670784993e-07 2.7057747042636077e-08 -0.4468012452672525 0.37357396584282876 -0.2072043036291766 0.22671227942616146 9.710203185664284e-09 5.395511881799401e-09 0.07737208134423969 0.9510491803478606 EXP_FA 24.076112146006693 0.08763161402024952 -0.031448323331705955 -0.017474382250764493
04D3gx SNLS 0.91 0.001 53125.6903067966 1.0063173479611578 2.2812526757337024e-07 8.791803040657084e-09 0.2718685360254707 0.2101742561008242 0.05266165063003936 0.15937775662843157 -1.007517830782478e-09 -2.974811410914609e-10 0.024435033328107637 0.5338232424902831 EXP_FA 24.49406652201293 0.04184358430735399 0.004795166258678858 0.0014158275782049474
04D3kr SNLS 0.337 0.001 53164.74962126826 2.3918055376270786e-05 2.9620734588493357e-06 1.3121880669481492e-08 0.07596649675613433 0.006254872116507249 -0.12984106504782106 0.008308565216981484 6.688748713602969e-11 4.05232480442301e-11 1.966818995775761e-05 12.533729345351784 EXP_FA 21.71051043815509 0.0048097729902034005 -2.4517341462926554e-05 -1.4853634843042086e-05
04D3lp SNLS 0.983 0.001 53149.71432076941 1.47547821110129 1.882983847086677e-07 1.9327425623264546e-08 -0.3966249125967837 0.18072731424162566 -0.2978617874216582 0.16171896289805932 -2.8504683693523283e-09 -1.4358337361345863e-09 0.01758762833662246 1.4432702070407006 EXP_FA 24.702383513754427 0.11144272839310405 0.016435917461065874 0.008279076178727788
04D3mk SNLS 0.813 0.001 53180.098196593426 1.284030886257824 3.098730550237579e-07 2.637027464512193e-08 -0.03115631144416644 0.41248553196576293 0.07229901721869554 0.23610058503769896 1.0539058823567332e-08 6.025757754905323e-09 0.09445729028612326 0.7664837657962945 EXP_FA 24.16154046536547 0.09239642313988569 -0.03692685615387039 -0.02111310825364009
04D3nc SNLS 0.817 0.001 53187.5195746875 0.00010038022446678951 3.0981150476598137e-07 1.3718223579820425e-08 -0.2113248548544901 0.19344518312871645 -0.3006633049672204 0.11137473750675743 2.0751451488928567e-09 1.2608809514654104e-09 0.014428587008243106 0.673889386783987 EXP_FA 24.161756147174685 0.048075593631773925 -0.00727235813913057 -0.004418764564375836
04D3nr SNLS 0.96 0.001 53184.81837304293 0.5869875852840778 2.4595932770793934e-07 1.0052488030199643e-08 -0.0968436275745523 0.09914858444905184 0.13897836878576328 0.1316129392592801 -7.479248931462322e-10 -5.233738020100563e-10 0.005783026784363887 1.0994711157696508 EXP_FA 24.41234175675764 0.04437461390057776 0.003301558605221816 0.0023103246002484858
04D3oe SNLS 0.756 0.001 53193.9597517092 0.7380925384641159 4.2822226013522426e-07 2.6799358796479535e-08 0.5960097717366178 0.2567812723559063 0.3742627672543065 0.15133926044942678 6.661256340318497e-09 3.6489475128165295e-09 0.03600025313242078 1.1806431676647882 EXP_FA 23.810326901673193 0.06794843897291282 -0.016889283559370763 -0.009251724612998814
04D4bk SNLS 0.88 0.001 53192.319140001695 9.295909330830909e-05 3.1652447066690085e-07 7.713687432748294e-09 0.008296051775195608 0.10223518356784449 -0.21016761742976633 0.06723334663175343 2.858881013462333e-10 3.371783327318254e-10 0.0046760667576373 0.9655199315850308 EXP_FA 24.13848177205665 0.026459343570741478 -0.000980647914795251 -0.001156582688648369
04D4dm SNLS 0.811 0.001 53194.40474367273 0.6288617083955614 3.719190746850464e-07 1.4828191952214437e-08 1.063948872711348 0.13420772170110823 0.5807062685597107 0.06220840924027655 1.3132413848844453e-09 6.250727944365977e-10 0.0061615595495287424 1.2097372220092892 EXP_FA 23.96337886831322 0.043287655701057935 -0.0038337203284429327 -0.001824762992067201
04D4fx SNLS 0.629 0.001 53240.83944714869 1.0186340659856796e-09 7.026351312556967e-07 1.7922696103612862e-08 0.2461744349863244 0.06649592014027356 -0.04518404642154302 0.05194871078566675 1.0343393472767915e-09 6.325097930185569e-10 0.002132320747199852 3.091322911446351 EXP_FA 23.272675348966523 0.027694772408822926 -0.0015982970782251213 -0.0009773760969182257
04D4hf SNLS 0.936 0.001 53241.64226776461 1.8542358628510556 1.9658643149163064e-07 1.322433311151354e-08 -0.2192716521065249 0.19494485103657294 -0.02270950666559536 0.21666787689670958 -1.8124332161409855e-09 -1.5058661790856263e-09 0.02663258980629203 0.6945444860331291 EXP_FA 24.6556161518099 0.0730372749228283 0.010009970406092148 0.008316817278529521
04D4ib SNLS 0.699 0.001 53266.709863084776 0.43209904759714846 6.529130740260449e-07 1.8799529594281348e-08 0.259219254749722 0.10336747547972773 -0.031253951967127075 0.07798571021555852 1.6965029726960305e-09 1.081440073672988e-09 0.006806989589081079 0.7460706088897376 EXP_FA 23.352361587332005 0.03126194086920513 -0.002821133122021687 -0.0017983383822028115
04D4id SNLS 0.769 0.001 53260.84645152653 3.8577161952052847 3.515783036445271e-07 7.239575828615393e-08 -0.020072646621641904 1.0090061045376466 -0.1308232221135556 0.6176240964562024 7.07152760811307e-08 3.9543823994889364e-08 0.59568554185572 1.0014494981652207 EXP_FA 24.024444834125028 0.22357095141362618 -0.21838132408869812 -0.12211834729495823
04D4ii SNLS 0.866 0.001 53277.04978149809 1.1350493878126144e-09 2.491430923794064e-07 1.1695282900323073e-08 -0.686548805319685 0.19598694146597795 -0.883799055065137 0.1395517097547553 6.672376628220055e-10 1.364667770692115e-09 0.01579996747716265 1.5151127174606116 EXP_FA 24.39837787341066 0.05096666316733497 -0.0029077430194244863 -0.005947061152514883
04D4in SNLS 0.516 0.001 53277.47994940355 5.143129237694666e-05 1.2003872902116818e-06 1.0891703741429687e-08 0.06026090686023773 0.019290899084296854 -0.10871338606313476 0.019519174306832532 1.4557911097584985e-10 1.7475121066055785e-10 0.0002720821805024502 4.423920279728727 EXP_FA 22.691196528911355 0.00985141810480551 -0.00013167459596736373 -0.00015806041748911217
04D4ju SNLS 0.472 0.001 53293.37131516056 0.3028266056026041 4.449316919526337e-07 9.844530638300713e-09 -0.47055075161571674 0.0720940285356218 -0.30381825539947366 0.0593528104548973 6.313928317560844e-10 4.4175684423614207e-10 0.0033302576003716835 2.0808090342910326 EXP_FA 23.768766647183305 0.02402293099407183 -0.001540744499124865 -0.0010779888422466823
04D4jy SNLS 0.93 0.001 53289.23381527199 1.2371438780683093 2.0636755804402355e-07 1.7798175182058272e-08 0.2455204585853464 0.33407637992445116 0.023421725918892532 0.17424680681309657 -5.392346456507459e-09 -2.3725237842649113e-09 0.04879640079162172 0.8735455434183609 EXP_FA 24.60289643706291 0.09363934601419252 0.028370087972744266 0.012482267046435014
05D1cb SNLS 0.632 0.001 53616.65545346088 0.4502640080063429 5.216402716549694e-07 1.2655045294809115e-08 -0.04704017276311567 0.056211786059756456 -0.007001675093697862 0.0518193348688864 6.244674727624782e-10 1.9884552763923083e-10 0.0013693842865384488 1.4966492528037465 EXP_FA 23.596072218984094 0.026340069193347106 -0.001299759586661075 -0.0004138748487098131
05D1ck SNLS 0.617 0.001 53628.13214726227 0.2747698459170351 3.751648561984206e-07 5.479774815660133e-09 -0.19436643991464247 0.03489622512148133 -0.120513423045113 0.05041603943003578 3.828178292965633e-11 1.0378871372419704e-10 0.000785987780168821 1.2425601229124696 EXP_FA 23.953944627984235 0.015858601393456052 -0.00011078840947574502 -0.00030036705803818326
05D1dn SNLS 0.566 0.001 53648.63580474901 0.3365694025778794 8.096607820879262e-07 8.92092309562313e-09 -0.08418009067833084 0.029571569335919406 -0.22037668368145558 0.034880694384471354 1.27502700731983e-10 4.5853286710011596e-11 0.0004963925327982547 0.8210410245562619 EXP_FA 23.118742240840348 0.01196274958483683 -0.00017097814473879423 -6.148818689208532e-05
05D1ee SNLS 0.559 0.001 53660.707704633176 0.20595936647077906 6.051400654050164e-07 7.89999021485332e-09 -0.024333599879637666 0.03138628046500724 0.12361841710836596 0.04071306759121179 1.243712387843075e-10 1.2843808486318704e-10 0.0006923227375418184 0.948516603993247 EXP_FA 23.43486023034336 0.014174082801409733 -0.00022314562280447166 -0.00023044231704014896
05D1eo SNLS 0.737 0.001 53666.85896768526 0.5985026473572361 2.9389447107414377e-07 1.8538876211546897e-08 0.022348229806697147 0.2452279426391964 0.24505208144613785 0.1289745515172229 4.240835690232532e-09 1.909754800586678e-09 0.027184232029367577 0.9704932062273114 EXP_FA 24.21902146017213 0.06848828773416332 -0.01566694613371711 -0.00705521924801538
05D1hk SNLS 0.263 0.001 53717.92976000142 3.853179805446416e-06 5.811060019128689e-06 3.619550062517332e-08 0.0195929481315026 0.007471962332942618 -0.13416853307345478 0.008995969719043612 2.5246424161150375e-10 2.3392725970355003e-10 4.471999868547688e-05 72.08415375782218 EXP_FA 20.978861597394385 0.006762753327057987 -4.7170321184449504e-05 -4.370687865965013e-05
05D1if SNLS 0.763 0.001 53716.39168944156 0.5731117750656267 3.661100323602253e-07 1.9202369058979987e-08 -0.3672748331999614 0.23832865281006355 -0.2291850071564596 0.1478033160667003 4.290806779305323e-09 2.7473110327725315e-09 0.03291475090123306 0.5636180631483406 EXP_FA 23.980470925413016 0.05694656103809872 -0.012724820016211991 -0.008147427795908296
05D1iz SNLS 0.86 0.001 53701.02733624739 2.545501299577154 2.8172738634920327e-07 2.0256357860689488e-08 0.549674397236869 0.2593609344131891 0.5032973964476692 0.2098503584551548 3.5423735762115672e-09 1.7885978150291173e-09 0.043878339969409846 0.6434028894051577 EXP_FA 24.264927334414942 0.07806504504545023 -0.013651790450021002 -0.00689299478014303
05D1kl SNLS 0.56 0.001 53741.87916228551 6.567763193743303e-05 3.445961442999501e-07 7.076422406187745e-09 -0.28788973498030196 0.06930781423742333 -0.17589216644714264 0.05894664503879754 2.976771799378587e-10 2.4141192351271803e-10 0.002756628318046544 2.4704382806080902 EXP_FA 24.04622396549786 0.022296035906518952 -0.0009379062909871343 -0.0007606285501265149
05D2ac SNLS 0.479 0.001 53377.646221362884 0.23110898481172626 1.3565349162603983e-06 1.4288439512720231e-08 0.043190162111224506 0.019689492725445058 0.08382133295802308 0.02425224167359155 2.215321724137201e-10 1.1221761858915753e-10 0.00027979617490724295 0.9860025337821967 EXP_FA 22.558422558305423 0.011436105257963755 -0.00017730874246227302 -8.981614100274235e-05
05D2ay SNLS 0.92 0.001 53374.788762013966 2.4334440240636468e-08 2.2473845888487092e-07 9.781755963803251e-09 -0.25088281388638906 0.15199400705629312 -0.13554256563669173 0.11991895837346449 -6.711822411871e-10 -1.124938892067767e-10 0.010564778385317771 0.7758068117084959 EXP_FA 24.51030650395137 0.04725673856049074 0.0032425552033390507 0.0005434703474068783
05D2bv SNLS 0.474 0.001 53403.955883902105 0.13923809943298693 1.363191986509439e-06 1.3878195796200021e-08 0.14113310615432936 0.01742244006016308 0.031173204860182883 0.0212800300321026 1.970867849785821e-10 2.258920901540586e-10 0.00026196480798288167 1.9245282236776395 EXP_FA 22.55310743889825 0.011053512477900783 -0.0001569729429517488 -0.00017991539201807845
05D2by SNLS 0.891 0.001 53409.4191300569 9.99214535113424e-07 2.673145403901442e-07 6.540220165926623e-09 0.18921785055656237 0.15413385015854456 -0.26447841265273514 0.11830858179259406 -1.7174613170543681e-10 -1.3955613698282056e-10 0.01139408243167898 0.8443178981975332 EXP_FA 24.321943543630013 0.026564038794417807 0.0006975714562612172 0.0005668271927792963
05D2ci SNLS 0.63 0.001 53427.76953226869 1.3326643966138363e-07 6.119186048949442e-07 2.7981738155534332e-08 0.022025429369974318 0.113005898955832 0.25078093173645366 0.0624415319018449 2.455120208834693e-09 1.2340921201895645e-09 0.003018584523918173 1.8628397569406652 EXP_FA 23.422765855567064 0.049648410661972675 -0.004356155992712146 -0.0021896678482697363
05D2ct SNLS 0.734 0.001 53423.79984758482 0.7260691603623854 2.9852672289127256e-07 2.2325977521986598e-08 0.18074351172534842 0.27199302557884497 -0.033863428229085654 0.17519628893837944 5.254673111711078e-09 3.534042453658032e-09 0.04103171376655737 1.839897648860261 EXP_FA 24.20204196632178 0.0811991699351673 -0.019111149535620243 -0.012853247454454122
05D2dw SNLS 0.417 0.001 53453.87888800869 0.08463928461787873 1.8072190451510725e-06 1.8764797345440353e-08 0.06442123566722723 0.013614755634578797 -0.09837490885803324 0.021834064691371058 2.1197871268763347e-10 3.4455209851135874e-10 0.0002076757835116675 4.04972592728441 EXP_FA 22.246973013264224 0.01127346455735847 -0.0001273520017512574 -0.00020699908446787088
05D2eb SNLS 0.534 0.001 53451.599555763314 0.2283811180095654 1.0589246579249696e-06 2.113759100644232e-08 0.020387326290567637 0.03964296711490588 -0.17145835363563033 0.0592934342244241 6.572596118321046e-10 1.0550101715131507e-09 0.0018960286716505452 1.7404198521253873 EXP_FA 22.82733734668937 0.021672786317051062 -0.0006739011610984261 -0.0010817226051233135
05D2fq SNLS 0.733 0.001 53461.94839272166 0.8273154551170592 4.5491613966143693e-07 2.5452287156804275e-08 0.25616061623900843 0.21250401059211876 -0.016788932142246794 0.13434480088930684 5.149058665161358e-09 3.016366013212273e-09 0.02610272910979175 1.1929190281042803 EXP_FA 23.744671637142744 0.06074629420844292 -0.012289120841810308 -0.007199080230004251
05D2he SNLS 0.608 0.001 53466.81361977858 0.8635639003368851 4.3403899579949565e-07 9.631508506065757e-09 -0.15246519651508442 0.03985319212094493 -0.14130486806070758 0.09186712919193699 6.977533959224558e-11 -5.701068720242261e-10 0.000578158560903776 1.2251631702042118 EXP_FA 23.795678124952985 0.02409294462634463 -0.00017454102771353433 0.001426106127625575
05D2le SNLS 0.7 0.001 53693.469566906104 0.4487780090930755 4.675993186146549e-07 1.5410876068929783e-08 0.14859350266966126 0.08733187350850356 0.06282171304280444 0.07447993987734307 1.1054652503086557e-09 7.664346276051121e-10 0.0046265978377701905 0.8502246313855419 EXP_FA 23.71481532590825 0.03578308485275305 -0.0025668207749276624 -0.0017796129948105205
05D2my SNLS 0.981 0.001 53700.40929610792 4.3361069401726127e-08 2.5119283587150127e-07 1.0590559190402621e-08 0.009264370761750703 0.10492971586495839 -0.25430847926868627 0.09399791685206584 -6.006371050112909e-10 -3.277972044236615e-10 0.00556656643581268 0.6548715637725084 EXP_FA 24.389481877562446 0.045775802091490396 0.0025961466957022243 0.001416844916880248
05D2nt SNLS 0.757 0.001 53727.441219808694 2.146605623256619 3.823645047160163e-07 2.1064414665847047e-08 -0.10639514200892208 0.1963298723835037 -0.30951850089594496 0.18650277985777125 2.656363951249792e-09 8.913475706169387e-10 0.03082210940523092 1.2508109173030346 EXP_FA 23.933306076302735 0.05981307718856957 -0.007542830151110127 -0.002531009851871003
05D3ax SNLS 0.643 0.001 53399.64325191083 0.3927503157465253 6.02330674615456e-07 2.5173088428628547e-08 0.005375055720100515 0.14278652804907963 -0.05346520744237256 0.09747063815484625 3.111648865330899e-09 1.6678969964162436e-09 0.007627843371164108 2.500881514680648 EXP_FA 23.43991254788044 0.045375961484925204 -0.005608928736264662 -0.0030064817070334007
05D3ci SNLS 0.515 0.001 53430.68933193408 5.77470927964896e-07 6.934762149926878e-07 2.3782436686139844e-08 -0.01939030507935469 0.06618221431391141 -0.08731090601272959 0.06266813847709014 1.0602339750628488e-09 1.3109348797164307e-09 0.0031186551390617605 2.8758562826539182 EXP_FA 23.286921074669138 0.03723480631240143 -0.0016599479367183497 -0.002052456061529638
05D3cx SNLS 0.805 0.001 53449.97499588449 0.7016515434770554 4.8233770069282e-07 2.0165956007645967e-08 0.2669508741672963 0.1664509906630816 0.07837660011004478 0.11583329736870038 3.0555460310451453e-09 2.1071641362824707e-09 0.017139322216198478 0.899022277187254 EXP_FA 23.68112197808481 0.04539331781366362 -0.006877996363223337 -0.004743200435801696
05D3dh SNLS 0.8 0.001 53442.836385108494 2.415729364292929 3.255419116202181e-07 2.5918751595772378e-08 -0.307380262333929 0.31619076673062974 -0.19068028463102177 0.2038652321375395 6.906740213963893e-09 2.9525639239359504e-09 0.056179658187278714 0.7247244615445646 EXP_FA 24.107982726544094 0.08644333029073144 -0.023035122789067577 -0.009847289810166785
05D3gv SNLS 0.715 0.001 53462.668865618536 2.0733394066701294 4.4519808690857993e-07 3.329777160608809e-08 0.09820739522762185 0.16734415790340898 0.021284866792144138 0.1170383160537677 3.871565924445175e-09 4.5757229933933334e-10 0.012576494165315096 0.9410224460372324 EXP_FA 23.768116776425266 0.08120564133942677 -0.00944186288505139 -0.0011159140757699517
05D3hh SNLS 0.766 0.001 53479.14884919607 2.985663741128519e-06 3.076221209705671e-07 1.9657807105259723e-08 -0.010971620172036298 0.1917898638311427 -0.1525455799320769 0.16445402600214565 3.130480418947683e-09 2.984163837190667e-09 0.02800664307570162 1.148286257525844 EXP_FA 24.169456094559273 0.06938120318848648 -0.011048867091918586 -0.01053245036067433
05D3ht SNLS 0.901 0.001 53488.45923518696 0.00011460109089966863 3.0184082434295917e-07 9.323396757071795e-09 0.22985082998435796 0.09910997718380576 0.010760786693739387 0.06360561384389518 -4.3512507295236305e-10 1.339124653115895e-10 0.0034677005614963175 1.1251149510662715 EXP_FA 24.19005505431167 0.03353671403632154 0.0015651661644205384 -0.00048168968585909363
05D3jh SNLS 0.718 0.001 53492.16248101121 0.9764260827541875 5.139725186966943e-07 2.3940535375575586e-08 0.11868588399571392 0.10105776761789909 0.15103280126634008 0.07499427200715353 1.8292625659262633e-09 5.733566854468244e-10 0.005114704680925821 0.8601237845237897 EXP_FA 23.61215025356944 0.05057294908386774 -0.00386420776128487 -0.0012111817052169948
05D3jq SNLS 0.579 0.001 53500.23119291783 0.34383665553832543 8.228209347959574e-07 6.0727210658043655e-09 -0.01973164813235366 0.012473129257001472 -0.23102173944269655 0.022206453324204317 1.5382712908721245e-11 -6.925815242109628e-11 4.561759525067406e-05 1.7195746980864648 EXP_FA 23.101236668018448 0.008013132437103337 -2.029793801556658e-05 9.138815066353194e-05
05D3km SNLS 0.96 0.001 53521.55242612234 0.5310955261411436 2.115628377068543e-07 9.321702426620863e-09 0.47276888344736406 0.12513125764032113 0.1681097203133679 0.08021024851154074 -1.0140899072384166e-09 -4.3969888175429614e-10 0.006730412183984609 0.6596418976792544 EXP_FA 24.575901540980773 0.04783878834423518 0.0052042888963995506 0.0022565257693026117
05D3kt SNLS 0.648 0.001 53530.912805529144 0.4432314835903526 3.888795844253226e-07 1.543469602368862e-08 -0.23129674322327987 0.10442395179260586 -0.07555577818518502 0.08426644224072335 1.4191575529352741e-09 5.563194179180616e-10 0.004518419180441002 0.7958801305715866 EXP_FA 23.914962140100997 0.04309305233166118 -0.0039622309763439586 -0.0015532215051510334
05D3la SNLS 0.936 0.001 53535.86128127238 0.5980614886866533 2.6310693547970285e-07 8.534048630657257e-09 0.09949840858034538 0.1036440842763044 0.05658551824413232 0.08474746487937425 -5.354667918251268e-10 -1.0942518885809167e-10 0.0052155878829458465 1.3078328017810181 EXP_FA 24.339169259481054 0.03521657669182164 0.0022096554819820563 0.00045155362035255534
05D3lc SNLS 0.461 0.001 53527.25165825094 0.15401933212706354 1.0415981368350306e-06 9.261712699481563e-09 0.06692802371098208 0.020065396621928532 0.13889971916190927 0.021136533203712605 1.4954285968391594e-10 1.0123838854986096e-10 0.0002592646524932275 0.5649384053084378 EXP_FA 22.845249514055176 0.0096541808594728 -0.0001558797881640295 -0.000105528398979235
05D3mh SNLS 0.67 0.001 53524.24629844408 0.33908363689261023 2.761574030050891e-08 3.951681941790462e-08 -29.781665137867652 49.73589442754615 -65.32426752099344 97.91606809310606 1.9628580385249977e-06 3.867701191619613e-06 4866.393115686114 4.962523018081529 EXP_FA 26.786608275169513 1.55363720371159 -77.17142521027561 -152.06194609420587
05D3mq SNLS 0.246 0.001 53576.22219332299 0.12615581172940438 4.1289100060162305e-06 4.441943766484137e-08 0.041238111120159016 0.01572644530924878 0.033371884128633726 0.03121425396711971 6.311590690095765e-10 1.430817936143957e-10 0.00019953390942504813 0.03112726562647645 EXP_FA 21.34991145733037 0.011680514130228683 -0.00016596928758113463 -3.7624720166465475e-05
05D4ag SNLS 0.64 0.001 53538.95891005843 0.4323940813956142 4.887301143410337e-07 1.5825972981890767e-08 0.058019159687585614 0.08511452420346316 0.01068845965999422 0.08640833282323285 1.088521525688548e-09 7.748126045089849e-10 0.003480641485331049 1.4731014315833717 EXP_FA 23.666827249988415 0.035158119661054234 -0.0024182001383158585 -0.0017212814842658376
05D4be SNLS 0.537 0.001 53550.7138264812 0.17098885300583788 1.1836618497017253e-06 1.0312127413462557e-08 0.11741423850663507 0.018196484589759178 -0.0642540236891883 0.019468495583499817 1.186653247568154e-10 1.0567890919270097e-10 0.0002234571555610484 2.5975294962481903 EXP_FA 22.70643087448827 0.00945899378584896 -0.00010884801209933588 -9.693597695893951e-05
05D4bi SNLS 0.775 0.001 53558.741682790576 2.098001934176864 4.2620642392967096e-07 5.067929594488122e-08 0.42637294886456584 0.5828700546142791 0.031030816067466473 0.3254149947484305 2.896817769986864e-08 1.6039971884104063e-08 0.18348443312179505 0.8787605209807172 EXP_FA 23.815450021842068 0.129102574127529 -0.0737947565985171 -0.04086090030578225
05D4bm SNLS 0.372 0.001 53567.578534143904 0.060334873283864 2.2474444361194195e-06 1.4125395412808172e-08 0.13471331072199394 0.008537225604569022 0.03362934223825366 0.010025221442872682 9.777894518850335e-11 8.077873012040417e-11 3.9302157411949494e-05 2.557170212163128 EXP_FA 22.010277591461833 0.006823952111888974 -4.72368255909032e-05 -3.902405347895711e-05
05D4cq SNLS 0.701 0.001 53585.8320660195 0.668662390755344 6.124901214726722e-07 2.018844148218004e-08 0.4560025292229476 0.10940314962476477 0.13863090819297538 0.08707903705424003 1.858240031342026e-09 9.000877971957298e-10 0.006991254300235182 1.017457715844233 EXP_FA 23.421752278529002 0.035787225077428014 -0.003294026153936815 -0.0015955488498764294
05D4cw SNLS 0.375 0.001 53579.229934697694 9.458744898438454e-11 2.2090037797445646e-06 2.119243467380814e-08 0.16187383489924406 0.013466433922370116 0.20748095666229144 0.015778312730553856 2.2791314222798438e-10 8.881005866355215e-11 5.7409489613753477e-05 5.557002141768202 EXP_FA 22.02900885255681 0.010416185704754975 -0.00011202042854165036 -4.3650579922892596e-05
05D4dw SNLS 0.855 0.001 53610.75122594976 0.917010914432467 3.0258172815202174e-07 1.1730336206097666e-08 0.43720138435785755 0.15614950326802782 0.3607154122602313 0.08480568812441855 1.3560257137570176e-09 7.092489467887757e-10 0.010644714364015036 2.8051077719785757 EXP_FA 24.187393252599172 0.04209127494488553 -0.004865747251166728 -0.002544956248409875
05D4ef SNLS 0.605 0.001 53625.409336768425 2.181332092732191e-08 4.358365065800696e-07 6.674550251368497e-09 -0.003119634004128024 0.035827015094467944 0.30709904734623084 0.04095102382779832 -1.898103873722166e-11 2.6424254220827184e-11 0.0006153707148892379 1.1849824841228291 EXP_FA 23.791190987873264 0.016627337886981036 4.728470573203812e-05 -6.582690770079895e-05
05D4ek SNLS 0.536 0.001 53635.57696859513 0.214677017309441 7.969397675935568e-07 1.2201617886012721e-08 -0.06524047462259056 0.03306217377054551 -0.05769030081187496 0.04110665115708914 2.6554333663491784e-10 3.3604388291921036e-10 0.0009301950223358196 0.8547747318662894 EXP_FA 23.13593625294088 0.016623261674431553 -0.0003617713988440913 -0.00045782005731073835
05D4ff SNLS 0.402 0.001 53635.84542509456 0.12379534131468972 1.441847554228616e-06 2.003787563675827e-08 -0.007372751063734284 0.019350721796393442 0.11329221372809924 0.021619311760021978 3.232245738897734e-10 2.562276975668918e-10 0.0001978510888616731 1.8987764535719394 EXP_FA 22.492201637282044 0.015088867738801017 -0.0002433937076845799 -0.00019294389832982364
05D4fo SNLS 0.373 0.001 53658.03028766329 0.07330358433682704 1.6876416499825071e-06 1.3620198122743841e-08 0.06467738822388978 0.011991429137950042 0.13534425172928968 0.015959685821387376 1.3092553239437696e-10 1.0064077725397397e-10 5.9099723405192944e-05 1.9420641324367223 EXP_FA 22.321299412577183 0.008762489488212725 -8.423031669624995e-05 -6.474676394764884e-05
05D4hn SNLS 0.842 0.001 53692.649963037446 6.097765435697511e-06 3.402832840211877e-07 1.2101939114125668e-08 -0.16983522908947923 0.14455562206380854 -0.05450546186067817 0.07346699721049132 1.1641172292346693e-09 6.784482554456063e-10 0.006041121284829554 2.9382931495627207 EXP_FA 24.05989846134559 0.03861345549717521 -0.003714329447590794 -0.0021647135448076295
06D2ca SNLS 0.531 0.001 53794.46224339705 0.3156510492080997 8.067523201074459e-07 1.0820406415027727e-08 -0.06250828530596425 0.03710764719111136 -0.0896038389252929 0.055280956306733235 2.6751610039382123e-10 1.6370627232320148e-10 0.0013021091315530968 2.3557977007737136 EXP_FA 23.122649442379366 0.014562222756828357 -0.00036002612984688894 -0.0002203177138475677
06D2cd SNLS 0.93 0.001 53789.81332504468 1.7558653199739638 1.8287053691746888e-07 4.285991666174377e-08 0.5530164762132063 0.9534892348163027 0.07878936586433438 0.3753575232273259 -4.030763816073652e-08 -1.2971688295089312e-08 0.2921074909603008 0.4035765255485376 EXP_FA 24.734140649989797 0.2544672533748445 0.23931390379825304 0.07701531288865784
06D2ck SNLS 0.552 0.001 53793.79975564512 0.39864809501887066 6.957955073588456e-07 9.539306203219974e-09 -0.09646114077292764 0.04588216387188374 -0.13344340609314 0.08595574295353005 1.094430974290326e-10 -1.5470501769577076e-10 0.0026465891138158005 1.926773691703723 EXP_FA 23.28329594937479 0.014885365029768999 -0.00017077766668920048 0.00024140546610833193
06D2ga SNLS 0.84 0.001 53863.874162537715 3.668449458829855 3.7239684288547025e-07 3.669213651425578e-08 1.2407182420213623 0.7112638812822407 0.39806077090258024 0.3825351343474731 2.283065965204183e-08 1.3216583787290626e-08 0.2636106721816798 0.4909636940662214 EXP_FA 23.961985023867115 0.10697722551774513 -0.06656359804413263 -0.038533418838607
06D3bz SNLS 0.727 0.001 53775.661496323584 0.7452362144031213 4.553944562660252e-07 3.243101011326482e-08 0.4223150104861122 0.30038964703871945 0.3193956954474954 0.20677671083291965 9.146865362759516e-09 6.257703907749294e-09 0.05649377535804614 0.8938302904769384 EXP_FA 23.743530651406545 0.07732092771959294 -0.021807649934576113 -0.014919407994134423
06D3df SNLS 0.442 0.001 53851.0617367577 0.29000198073117645 1.3959932887130021e-06 1.2791935768333957e-08 -0.02003385858302245 0.01373651049584248 -0.14009772486477368 0.020475392621108434 1.3261122974440106e-10 -1.5759609108194897e-11 9.142637529876693e-05 0.8980234577071589 EXP_FA 22.527291673984713 0.009948950259943554 -0.00010313861424343492 1.2257063354063826e-05
06D3dt SNLS 0.282 0.001 53849.30348708843 0.18414374817803036 2.1526412722627875e-06 2.2741197518663484e-08 -0.15924086325660858 0.014570968645537426 -0.05026037099793893 0.014743453854651391 2.8286850471411644e-10 9.33580988695931e-12 7.150191263998861e-05 4.216418400792994 EXP_FA 22.05707084329682 0.011470067866725588 -0.0001426715081194539 -4.708739410331823e-06
06D3el SNLS 0.519 0.001 53894.0072188913 0.11408439996012021 1.1444919101832387e-06 1.1080654597978861e-08 0.08663093050135064 0.020429784254100785 -0.06697471078355872 0.023207906642861483 1.628558514537972e-10 2.072902775509187e-10 0.0003576724477367364 3.147532745812321 EXP_FA 22.742968181949777 0.01051179808472313 -0.00015449518909381368 -0.00019664844917546002
06D3en SNLS 1.06 0.001 53895.98710274431 0.0003168125404044986 1.1382099633506883e-07 3.3170519561675345e-08 -2.6650462873161906 1.9809031038500313 -2.909974411638121 1.6384900725388953 5.89028569199779e-08 4.9869076756257564e-08 2.9435571782571226 0.28538373110118187 EXP_FA 25.248944042757365 0.31641292185431746 -0.5618731726213478 -0.47570012454238814
06D3fp SNLS 0.268 0.001 53905.02975919729 5.0374510465189815e-06 3.3202323550938247e-06 2.344823499949393e-08 -0.09029036291462948 0.00994861691599476 -0.047103802870649296 0.008989745599616707 2.1666063992673337e-10 1.1067198306345564e-10 5.092233397078401e-05 6.443410444652083 EXP_FA 21.5865788065501 0.007667715675853011 -7.084934900824786e-05 -3.6190412601703824e-05
06D3gn SNLS 0.25 0.001 53921.067528860185 0.08072938857003464 2.8496777071787724e-06 3.7782478210424366e-08 -0.18163840870367753 0.021056311865000833 -0.08904872022985169 0.02384873646867593 7.439968638844937e-10 5.10351866698144e-10 0.00030634340510845003 11.013878331595174 EXP_FA 21.752510637617917 0.01439524350252055 -0.000283465154431664 -0.00019444567273140697
06D4ba SNLS 0.7 0.001 53904.42252769086 0.8561280214671569 4.851339944943156e-07 3.425592963958954e-08 -0.30341850251665403 0.23970702510480402 -0.13275859832266107 0.14387916909170814 7.0991476689823635e-09 3.982719134524149e-09 0.028895402483887188 1.4927792727487739 EXP_FA 23.674845730647668 0.07666521715535082 -0.01588798504044793 -0.00891337734895941
06D4bw SNLS 0.732 0.001 53906.39206013621 2.4736372829611355 4.916038082889993e-07 3.349317181873533e-08 0.06877603366378027 0.17524068604759943 -0.20114689273749575 0.1312458757237996 3.950021462774557e-09 3.297653508579708e-10 0.015576516819919463 0.9029828340048575 EXP_FA 23.660461903598968 0.07397165897138021 -0.008723856974649013 -0.0007283063606594077
06D4cl SNLS 1.0 0.001 53937.4140340078 0.9111860615921614 2.6654274449706694e-07 1.4267730195529912e-08 0.2694239478321456 0.12174749250889996 -0.059977559824880344 0.08599245142281046 -1.4462484408730099e-09 -6.565561818674914e-10 0.006091563509671309 0.9740440345767531 EXP_FA 24.325082837037876 0.058118225135848994 0.005891153767076571 0.0026744183881514086
06D4cq SNLS 0.411 0.001 53947.101246798295 0.10348899414384505 1.614656319176607e-06 1.2634891486276417e-08 0.08216204148161643 0.013465932218628109 -0.019308088817453755 0.01553658920821219 1.3108451338288062e-10 1.157514990289141e-10 0.00010043327880619035 2.0825705160635892 EXP_FA 22.369299758516284 0.008496024179830496 -8.814457935882769e-05 -7.783426835675205e-05
