SNNAME SURVEY Z ZERR T0 T0ERR X0 X0ERR X1 X1ERR X2/C X2/CERR COV_X0_X1 COV_X0_X2/C COV_X1_X2/C CHISQ/NDOF MODEL mB mBERR COV_mB_X1 COV_mB_X2/C
6 PS1MD 0.2305 0.001 55203.6049734278 2.953887451440096e-05 3.07473340422795e-06 2.608404255113056e-07 -0.3998290518909056 0.1385398956267396 -0.20341220179816172 0.13438821800523054 3.5053878541622425e-08 2.282725594023221e-08 0.014257171811279428 3.0122451072431575 EXP_FA 21.669981334755533 0.09210681265982851 -0.0123780699157526 -0.008060659241386625
11 PS1MD 0.3812 0.001 55210.747001130556 0.6333584701933432 7.681166418846971e-07 4.267493957597783e-08 -0.32771570635783737 0.09469207076434001 0.13542424608783363 0.1479379371574322 3.727508351451732e-09 -9.618866053085476e-10 -0.000504897162485034 1.4572056415864714 EXP_FA 23.17593206359163 0.060321212179204275 -0.005268849221622449 0.001359630888471432
34 PS1MD 0.2534 0.001 55207.8684099925 0.3680189887600136 7.188730635346584e-06 2.6910438984174903e-07 0.1640097680308324 0.02606223821964898 -0.1463779866005554 0.1550227326613465 4.211231655207661e-09 -2.9009427693939798e-08 0.00041534496700216215 0.6157638363314193 EXP_FA 20.74786947318506 0.04064366766977162 -0.0006360353317734268 0.004381383518775434
91 PS1MD 0.1526 0.001 55210.29942164339 0.06140444143966306 8.980395713922712e-06 6.842798155080759e-08 0.026547905216290302 0.00937082607483484 0.39187746046678573 0.013832379105308323 5.240427779528508e-10 1.3932366709857296e-10 5.823650774879673e-05 3.706688211351329 EXP_FA 20.506261315184013 0.008272991453266437 -6.33571431583279e-05 -1.6844330068225274e-05
142 PS1MD 0.4365 0.001 55214.107238612596 0.47947025780013064 1.001418083384532e-06 3.790480980947202e-08 -0.0018307461138254272 0.08768616332219761 0.10038396919998346 0.08905547962512929 2.7902285061523685e-09 1.7427883069340394e-09 0.0043153756902078125 0.8993426605161353 EXP_FA 22.88796142618338 0.04109634629876363 -0.003025162176459866 -0.001889528852596949
190 PS1MD 0.1023 0.001 55223.52267362238 6.879723514430225e-06 2.5866177901757832e-05 1.841554762796185e-07 -0.03289480489861611 0.00866174739383339 0.0011061403375405223 0.012349045806363297 1.4694976612132215e-09 1.72949032507381e-09 9.000586979054767e-05 13.689811048055583 EXP_FA 19.357669349430907 0.007729950233106176 -6.16823567689977e-05 -7.259558288215174e-05
199 PS1MD 0.3712 0.001 55214.22456686999 0.2532200614150497 2.6892866617338855e-06 3.815633665796345e-08 0.15073148090318803 0.01968626385421144 -0.04454565798724342 0.03083582247732756 6.367838588807844e-10 -1.39400915478449e-10 2.09694036705068e-05 1.077180417669408 EXP_FA 21.81540725534383 0.015404723021896336 -0.00025708649807778416 5.627983920977662e-05
215 PS1MD 0.4661 0.001 55222.45019571438 0.3735582683002576 1.4582772873901266e-06 6.309798600879191e-08 0.23134827412411518 0.08983612791924021 0.028107958555862605 0.10120263171780645 5.243004547666428e-09 5.493022213894157e-09 0.007956387985807317 0.8422644988137492 EXP_FA 22.479899720680354 0.04697856055872295 -0.003903592210025326 -0.004089738723037538
236 PS1MD 0.1959 0.001 55211.171011254984 0.15261571148221265 1.0070647793633636e-05 2.2936691669471295e-07 0.13206152964545995 0.023821713096221556 0.05185296334666488 0.024397191233137296 5.224202316922365e-09 3.0029256266696173e-09 0.00036025963836361705 1.4507199723945028 EXP_FA 20.381856481472973 0.02472849520034077 -0.0005632314536955262 -0.0003237512759737578
420 PS1MD 0.3112 0.001 55223.54795283319 0.1933257027012587 2.6764478272335154e-06 7.635142584991213e-08 0.10379740223456722 0.037210838959287756 0.13403483587860715 0.053494060693124124 2.497871200908424e-09 1.6508939115881447e-09 0.0006962764430111965 1.3936797490166886 EXP_FA 21.82060304506288 0.03097295844389448 -0.0010132942514527571 -0.0006697067926329612
10026 PS1MD 0.0316 0.001 55246.861076598994 0.03453768296458293 2.8132072023045097e-06 1.2327452620370817e-07 -111.28442256969171 4.91760285833781 -36.26922024478986 1.860125086566513 6.045404302922604e-07 1.9808613453155968e-07 7.8362027844092745 11.799107514771968 EXP_FA 21.76649569846765 0.0475768781318807 -0.2333178415975482 -0.0764498568556644
20027 PS1MD 0.1098 0.001 55270.62280224331 0.20723157517568325 2.2474119818030415e-05 2.233036481429505e-07 -0.08080956223970324 0.013065880894184602 -0.07958922417989849 0.019829027375309057 2.306147042537595e-09 -1.0249603054072284e-10 7.505029227702614e-05 7.935983250722152 EXP_FA 19.510293270194598 0.010787913271195665 -0.00011141114125280066 4.9516355747457446e-06
20096 PS1MD 0.2255 0.001 55281.0849425703 0.3777471511675685 6.370934770179762e-06 3.8114062966511657e-07 0.013851680403715186 0.0721451083721242 0.0592761309385785 0.07969938490436812 2.6292908071569655e-08 2.0420124967064792e-08 0.004113164356021717 1.8136850941471345 EXP_FA 20.87899210371932 0.06495407591813268 -0.004480843589122942 -0.0034800025086117905
20176 PS1MD 0.2604 0.001 55270.08771296096 0.39005821192768053 5.68504410693878e-06 2.0297666062211551e-07 0.09368637035042224 0.042019585149040806 -0.09422113970823084 0.04943440359901554 7.969710361169609e-09 -1.8036232365611343e-09 -0.0001340914335885048 1.5575403446463545 EXP_FA 21.002665403814486 0.03876471404845475 -0.0015220643706170308 0.00034445802193290673
30066 PS1MD 0.2253 0.001 55300.31298345484 0.5183369273254357 9.203779989076487e-06 4.1297503919867156e-07 0.16135938790038593 0.04636945159744405 -0.04690977526077733 0.06287919790671612 1.7657731410669457e-08 1.4249875042182714e-08 0.002156000495011106 1.2159521601365584 EXP_FA 20.47958442858086 0.04871715232780096 -0.002083017880611286 -0.0016810055504303165
40137 PS1MD 0.4474 0.001 55301.582821148295 0.7962336491364113 5.717274580400255e-07 1.561343388310042e-07 -1.0169937021172117 0.7538400098854078 -7.268180408741589 2.3827383186117883 1.1003733302816576e-07 3.684062679402966e-07 1.67787767635372 3.44835892899154 EXP_FA 23.49652737415687 0.2965061448263108 -0.20896585368363244 -0.6996201031411746
40166 PS1MD 0.4399 0.001 55331.45759330083 1.4458607142660185 1.087076748464057e-06 6.521206427655285e-08 -0.20271214703362375 0.13546693115037398 0.091326036467296 0.12909977308431952 7.253000975085597e-09 2.405181731060443e-09 0.005927025633226786 0.3743324251367203 EXP_FA 22.798849483257598 0.06513164711884988 -0.007244056836762361 -0.002402215747990949
40782 PS1MD 0.3374 0.001 55351.77396037022 3.627847763709724e-05 1.7746958864797076e-06 9.554841174803569e-08 -0.19348880807183458 0.10138100672513269 -0.16465013213219173 0.12721903006676166 8.29081643182145e-09 2.7175538595228415e-09 0.00346013856912365 0.3947609717560198 EXP_FA 22.26669014333816 0.05845529407731884 -0.005072215265505484 -0.0016625646321392286
50005 PS1MD 0.5283 0.001 55353.467144115464 1.3014351879064634 1.086514562223926e-06 4.1074701610873084e-08 0.13064878548136988 0.10366953781800117 0.08867909878140108 0.16990559435490335 2.91480674700546e-10 -2.502050305125572e-09 0.009114670015671641 2.9801231182013552 EXP_FA 22.799411121469284 0.041045276509944155 -0.00029127186373088516 0.0025002578859509897
50203 PS1MD 0.5761 0.001 55350.898719474135 1.8861681983544258 9.327950186202132e-07 4.731927759552174e-08 0.2086226876774943 0.1385311187916677 -0.021311435943950113 0.17389793440825965 8.092574812024973e-10 -2.138646373013397e-09 0.006566436931184279 1.600226412423243 EXP_FA 22.9650344545746 0.0550777521780227 -0.0009419434374902687 0.002489299095732744
50251 PS1MD 0.3876 0.001 55367.22075966713 1.2975802586151985 1.783706259001847e-06 1.3373431194598256e-07 0.14517565975875016 0.13824665594865887 -0.1016119079867944 0.20073217569576485 1.4443563263340869e-08 7.650824662662049e-09 0.010210544439139668 0.238291587725852 EXP_FA 22.261191659370255 0.08140364119113658 -0.008791750032597391 -0.004657032115342253
50293 PS1MD 0.36 0.001 55355.413335547346 0.46411819088825723 2.3998434221342815e-06 6.280761557136218e-08 0.0006114003251960964 0.04713505001457523 -0.14646031384278455 0.08338447084987398 2.3490623484455734e-09 5.82102368772254e-10 0.000535246915984554 2.134460909845783 EXP_FA 21.939042732305758 0.028415396409367372 -0.0010627618516350049 -0.0002633545217251847
50301 PS1MD 0.347 0.001 55357.63043201722 0.5132214664990897 1.7858011937564494e-06 7.467392167709196e-08 -0.30392744438037456 0.07804404110656396 -0.37417184515350743 0.12108144271336932 5.214646478023511e-09 3.4714912297585214e-09 0.004126703502076273 1.9187266995797652 EXP_FA 22.259917227644905 0.04540045140497815 -0.003170414767332018 -0.002110606559020583
50607 PS1MD 0.4391 0.001 55367.227853303964 0.8873490205696726 1.026024341519864e-06 7.817597694273005e-08 -0.25610237719022566 0.1803705336770299 -0.2467307019231044 0.18948947600065272 1.306697171190596e-08 1.101643220572702e-08 0.027824005896065644 0.5272135453268686 EXP_FA 22.86160583962396 0.08272560900780102 -0.013827434399022927 -0.011657558996410728
70955 PS1MD 0.3492 0.001 55438.24037935181 0.49995716049306793 2.908717022694479e-06 8.485094772013033e-08 0.026799365551856708 0.035434698753277226 -0.22374013570973303 0.07244019504046934 2.5893438254017753e-09 -3.3370795029530673e-10 0.0005102604082900747 0.5676866163996097 EXP_FA 21.730246318625305 0.03167229580223808 -0.000966523837097547 0.0001245630979653044
80723 PS1MD 0.4305 0.001 55472.903582603416 0.000292433011054527 1.8602980941814072e-06 8.648132115505399e-08 0.2904681615917923 0.06427828920342701 0.10825694625813265 0.06490176985433374 4.507325331480431e-09 2.9377668948303786e-09 0.0018654738595089702 1.3837843208729381 EXP_FA 22.215543647136485 0.05047357824374624 -0.00263063554938767 -0.001714585360719169
90201 PS1MD 0.5088 0.001 55482.80955047664 1.298508392941585 1.2588896307826383e-06 5.75872552001899e-08 0.05142584601697173 0.13575578738172275 0.022070281433074053 0.1709546826096413 6.142905790550338e-09 4.920524207280012e-09 0.017724998453916563 1.9691080039281839 EXP_FA 22.639530859089334 0.04966644126270321 -0.005297982488800434 -0.004243732848058647
91869 PS1MD 0.2888 0.001 55497.54843824157 0.6561763234167302 3.744541672842715e-06 2.259349697708253e-07 -0.022732925105008808 0.07121057310110075 -0.06861097906056797 0.07290075245843591 1.518182721131253e-08 -7.423653332239911e-11 0.0007357628909204069 2.6715685230314397 EXP_FA 21.456003329515084 0.06551022742788483 -0.004401996531978917 2.1525008662187637e-05
100090 PS1MD 0.1727 0.001 55505.56476517279 0.40952584381739143 6.04892954679309e-06 4.62997154993956e-07 -0.009115472630843988 0.08742672099530911 0.18113446173093598 0.07013172287922997 3.909895581729241e-08 1.5970555141911928e-08 0.003950694072267985 0.31977692416425096 EXP_FA 20.93530368446529 0.08310441872206259 -0.007017961040987628 -0.002866591484249108
100213 PS1MD 0.2752 0.001 55520.25187625655 4.166340295341797e-05 3.376139838493412e-06 2.356806100978171e-07 0.08852646823629667 0.08241822874171761 0.018479011720547084 0.07641061156135302 1.813696917249465e-08 1.1271021592893356e-08 0.0032862516641281895 1.2297446906094065 EXP_FA 21.568448933382918 0.07579276433551785 -0.005832686149619616 -0.003624659165029085
100405 PS1MD 0.103 0.001 55534.204194049235 0.14462252898010775 2.607306047713426e-05 1.0544715389441947e-06 -0.08517574815575833 0.03996477891300812 0.14366359831517453 0.06905453751930497 3.786870237951622e-08 6.726872107145729e-08 0.0022397383561661376 0.22154105975354926 EXP_FA 19.349019969996313 0.043910377445822955 -0.001576931148405412 -0.0028012087794261425
110033 PS1MD 0.2049 0.001 55542.54898743528 5.042238626629114e-09 6.034706074650005e-06 1.7377306523495084e-06 -0.6105155823747337 0.45141849909280596 -0.7038514412487502 0.3914695052425121 7.835885022298039e-07 6.692262735445108e-07 0.17415902849793624 3.9065369756102593 EXP_FA 20.937859694308543 0.3126444038922389 -0.14097959303716984 -0.1204040735993565
110478 PS1MD 0.2647 0.001 55554.89745056963 0.46051977000388433 5.432988020502889e-06 3.2814647200916426e-07 0.16119721931351422 0.06400804349079864 -0.05928264889438818 0.05000094078036103 1.941456957579461e-08 6.8698327346435384e-09 0.001091110958567073 1.1346787362538209 EXP_FA 21.051903131413134 0.06557726683355022 -0.0038798357383981064 -0.001372877336097022
110536 PS1MD 0.2348 0.001 55555.29179538425 0.7639601969058276 3.5171440606118516e-06 6.193953542386774e-07 -0.3889915257481846 0.264783910648263 -0.2698189428298119 0.15691705383750598 1.6014316340197636e-07 6.712493223045352e-08 0.028332677971140953 1.5938020169060383 EXP_FA 21.52402460703857 0.19120625984223374 -0.049435913756622 -0.02072134888664778
110719 PS1MD 0.4276 0.001 55568.52520462308 0.963319149617746 9.785973904310255e-07 9.463325206036315e-08 0.007993320988564867 0.1622536400129764 0.05613205498295917 0.1974603732280244 1.3807461108761377e-08 1.5084585736148886e-08 0.024803453925700974 0.7059261184862883 EXP_FA 22.912989866706184 0.1049938911963408 -0.015319129775084641 -0.016736076580279077
110734 PS1MD 0.4019 0.001 55570.23619227741 0.6813157565848087 2.066364397455249e-06 1.4005200603864e-07 0.02846073218396999 0.10968179455882476 -0.04013819600025588 0.16807680881559692 1.3122669646163895e-08 1.8812006132368928e-08 0.013348286478629035 0.9155599807560774 EXP_FA 22.101482723680355 0.0735879565542354 -0.006895084698258918 -0.009884450277597875
120085 PS1MD 0.3218 0.001 55571.161681099526 0.3551227040879894 2.034756795559123e-06 9.752709718208088e-08 -0.02200232287070162 0.07819009731351736 0.18390414151255396 0.08906857744158053 6.639610646969568e-09 5.330485293071634e-09 0.00412269990401711 2.1638103290847206 EXP_FA 22.118218731033824 0.052039978727016864 -0.0035428635405694814 -0.002844320699284504
120094 PS1MD 0.4512 0.001 55570.15752243165 0.5218780073846574 1.6934157475443093e-06 8.705787867334132e-08 0.1680967621023487 0.09003110322224368 -0.08461713469717619 0.10797882893240487 7.270431601782451e-09 7.806432595026144e-09 0.00817956701304223 0.9442001624059184 EXP_FA 22.31759101480084 0.0558172976259122 -0.0046614488058941955 -0.005005106696754673
120336 PS1MD 0.1612 0.001 55585.27452038112 0.13346440803798032 9.241711173488509e-06 1.3217332354279844e-07 -0.11206826908352287 0.02093600169494374 0.014259714884235757 0.038832473432410156 2.355444758955633e-09 1.8550811737929625e-09 0.0005189230480642341 1.738086622817144 EXP_FA 20.47511902097594 0.015528007744420423 -0.000276722741611126 -0.00021793894608285462
120400 PS1MD 0.3512 0.001 55580.111330680666 0.00043396433102316223 2.7450547619640343e-06 8.444125025465997e-08 0.23069936122031795 0.03414483768139191 0.1831002458260052 0.06848703451260577 2.3425980235305177e-09 3.2638798900245774e-09 0.0008977556105231071 1.8837673717465024 EXP_FA 21.793122468124366 0.03339857690523085 -0.0009265547349307285 -0.0012909442149147536
120585 PS1MD 0.2492 0.001 55582.79181140434 7.060847929096781e-05 6.955791660025061e-06 2.2311357090478463e-07 0.13827876104800027 0.03540787378550856 -0.0954499198160124 0.08230555629779435 7.28222390066198e-09 6.173020743326828e-09 0.0015727452433832434 2.2304592197639783 EXP_FA 20.783633586173206 0.03482601169560071 -0.0011366893269018918 -0.0009635527401245841
130308 PS1MD 0.0822 0.001 55595.248817097214 0.3234698935011693 3.106326926760919e-05 7.157470068664008e-07 -0.15113103582944548 0.0208263257482785 0.07168321233387659 0.02350058017113753 1.25452940743939e-08 -4.373352451295722e-09 5.3476498464405454e-05 3.976127024642962 EXP_FA 19.158882096714652 0.025017084715305244 -0.00043848829492361505 0.00015285921940903733
130514 PS1MD 0.1056 0.001 55612.08021120829 0.07618164480663836 5.4813801359420253e-05 9.007765453276225e-07 0.23193484090327438 0.011539682529872811 0.0014208823535907106 0.0143854749245906 9.707249600107503e-09 1.1607348467932096e-08 0.00014479441535717103 3.28507538747155 EXP_FA 18.542275195961032 0.017842325899753948 -0.00019227844225493183 -0.00022991506081181188
130862 PS1MD 0.3327 0.001 55606.900623293295 0.48332581299109734 2.6467143351858365e-06 1.7722202156561898e-07 0.19427537179653717 0.07932381000888308 -0.054730474973637616 0.07793238107553131 1.0050824154343156e-08 9.276968528877028e-09 0.0011879600988055534 1.4825019869847633 EXP_FA 21.83273232595647 0.07270008800579841 -0.004123053072617171 -0.0038056017108836697
140181 PS1MD 0.1022 0.001 55642.365465060684 0.05576480486342916 3.4263137136788694e-05 3.1713681744229703e-07 -0.0019248808006581523 0.012406141560480545 -0.08801290885564636 0.01800266970034524 2.639300709250755e-09 4.624196733958249e-09 0.00010636186121096759 1.9344811787627532 EXP_FA 19.052432188742838 0.010049486221422611 -8.363461652203895e-05 -0.00014653234442423644
150509 PS1MD 0.2928 0.001 55681.66622094068 0.3668951720901532 4.655790107804621e-06 1.812803206492887e-07 0.1702873894327866 0.045822303684125744 0.020790965631697477 0.05138326196429615 6.829519182807072e-09 3.4115054800893864e-09 9.352419033471085e-05 0.6000872780471604 EXP_FA 21.219516516920407 0.04227480251078258 -0.0015926526037833499 -0.0007955674389733998
151034 PS1MD 0.1326 0.001 55685.625615876874 8.886745490599424e-06 2.8178522305497843e-05 2.4026293320582134e-07 0.14472450483056204 0.008343429082750282 0.036109572833744205 0.012802692963595477 1.7267062815117531e-09 2.3631320059070453e-09 7.794823970016135e-05 15.7050500549376 EXP_FA 19.2647044630733 0.009257482078542077 -6.653108010759016e-05 -9.105296394251966e-05
160039 PS1MD 0.2707 0.001 55700.06953687868 0.3428034817225125 3.7437922049895616e-06 1.45560948194734e-07 0.00974006198647391 0.0497631335734973 0.21086490995678325 0.0674092119003998 6.703671195650512e-09 1.5257120857712667e-09 0.0009853776853380929 1.3428695650235427 EXP_FA 21.456220660739483 0.04221409277024386 -0.0019441299418839599 -0.000442471365625252
160099 PS1MD 0.1004 0.001 55700.76473136061 0.16469172025972512 3.5521793711947005e-05 5.778976881320567e-07 0.014994765535282376 0.011748129472298884 -0.07386945729409104 0.011110092496865261 6.147169471858445e-09 3.967808783885634e-09 0.00010466283878823853 1.536278673020558 EXP_FA 19.01326278040841 0.017663647498745782 -0.00018789041191171312 -0.00012127748066880573
160197 PS1MD 0.3536 0.001 55711.433927883765 0.6870508440915728 2.0251655115614596e-06 9.677539721849193e-08 0.09244196064931239 0.06134164373117936 0.05809850072516623 0.05509116158479586 5.446911790791132e-09 1.2947622823418629e-09 0.0008750717407279099 0.573915740600534 EXP_FA 22.123348693073357 0.05188343959548866 -0.0029202103737319134 -0.0006941508130907975
160200 PS1MD 0.4235 0.001 55711.133909174256 2.0021196862508077 8.806038430466926e-07 1.0490918920373294e-07 -0.2940189610450871 0.22968672623098876 -0.44729108029444775 0.22157751703571674 2.2170185988704888e-08 1.1800064054926121e-08 0.028883275333075394 0.8250715169054939 EXP_FA 23.027548558915257 0.12934727213571107 -0.027334622468689337 -0.014548831309402982
170428 PS1MD 0.3001 0.001 55737.46973144176 1.1642433448396332 2.3677580189073883e-06 1.575413472155917e-07 0.006560732501568799 0.053582221855893286 0.18424294784777107 0.05318074266214443 6.39803190160655e-09 -1.8532709271020347e-09 0.0001462600043122139 0.5056810934718655 EXP_FA 21.953656709711407 0.07224063567833264 -0.0029338195961330794 0.0008498179825440373
180166 PS1MD 0.1476 0.001 55763.77553799693 2.4370721803279594e-05 1.411183933810895e-05 1.008968276244611e-07 -0.07954638456332778 0.01081227198011518 -0.11574791848267534 0.016049493536485545 8.222849530288891e-10 6.810235920749886e-10 0.0001029106591561508 2.5146793367040345 EXP_FA 20.015540941459264 0.007762796618672208 -6.326493115042366e-05 -5.239656946869204e-05
180561 PS1MD 0.2288 0.001 55782.787106853306 8.043517300393432e-05 3.155914193070515e-06 1.8508391864399474e-07 -0.31300271704916305 0.09058251941854929 -0.17395390990827886 0.07551699088230293 1.6220641814120226e-08 9.290983953584899e-09 0.004472719756820132 3.277682874123704 EXP_FA 21.641687033604732 0.06367483369209692 -0.005580423612490283 -0.00319639794972352
190230 PS1MD 0.1388 0.001 55799.64092080015 0.09179938374290941 1.4333332835720024e-05 1.1340555212921024e-07 0.07893790166589142 0.00979781118880243 0.2300255193619526 0.015998454846758093 8.663622214541232e-10 4.0097857985084406e-10 8.226621457893318e-05 2.177499645265502 EXP_FA 19.99863203554392 0.008590361723856786 -6.562610671561716e-05 -3.037374255285618e-05
190260 PS1MD 0.1436 0.001 55810.5332186298 0.10125585649439017 1.92557522783192e-05 1.9052303351799075e-07 0.02762929817082909 0.013085141888282258 -0.11053298982087638 0.020838269451808066 2.0090362450821656e-09 2.63352176889785e-09 0.00018918042066957188 1.86391445833759 EXP_FA 19.678098774537574 0.010742647305643747 -0.00011327957258844806 -0.0001484912087143163
300105 PS1MD 0.0919 0.001 55784.518836195864 3.230525180697441e-09 2.788422540824857e-05 2.4033712848415117e-07 -0.07627355558686229 0.013216467601810833 -0.07468387290794544 0.015053677754358988 2.1872705383004246e-09 2.6370813024017422e-09 8.826757990540051e-05 1.3530109487523152 EXP_FA 19.276103538016738 0.009358076759258248 -8.516638989480674e-05 -0.0001026808026039455
310025 PS1MD 0.1568 0.001 55812.16966353944 0.3046316533291247 6.791776498379146e-06 1.3181027978906018e-07 -0.4381168692846903 0.030722310512861974 -0.20138025476930724 0.037627438833385346 3.3913979712277254e-09 1.5369599853052051e-09 0.0007743739857041123 17.77194957796102 EXP_FA 20.809541535384092 0.02107124593402548 -0.0005421502846838317 -0.0002456990599894779
310073 PS1MD 0.1496 0.01 55803.474859711125 1.718873640489619 1.9453028350269897e-05 2.8659631520560972e-06 0.23884061192100334 0.07547263082458965 0.024196914052503425 0.03842069419044983 2.1528482605606547e-07 9.090258157927308e-08 0.002418471187346302 1.153781193063704 EXP_FA 19.667031950699844 0.15995863984061182 -0.012015739954488043 -0.005073566035553887
310091 PS1MD 0.5078 0.001 55820.51268184757 0.5895448272494832 1.034810634348909e-06 4.1183664469828886e-08 0.15789950712646056 0.125553615050111 0.17949284509948504 0.11775525718069875 3.2269120438394977e-09 2.4576642874496953e-09 0.010587274122044325 0.9785636016436016 EXP_FA 22.85234779214009 0.04321041364987339 -0.003385716303322496 -0.002578611977353843
310161 PS1MD 0.2528 0.001 55838.76458446446 0.22290972774135298 4.356085245535626e-06 1.6866075165545834e-07 -0.011373039987503868 0.044407802543425585 -0.008170969641310071 0.055190847044030725 7.159990401341737e-09 4.9889984444234084e-09 0.00140358355563031 2.0457439129063175 EXP_FA 21.29175907498609 0.04203799376555454 -0.0017845979512050476 -0.0012434871980854544
310238 PS1MD 0.2842 0.001 55838.44179852569 4.9270391173195094e-05 4.195054111697068e-06 1.2360815230506204e-07 0.060110120958711315 0.03910731720311713 0.06393376209986609 0.043132523318318586 4.368507871422926e-09 2.708882423113474e-09 0.0006986392327058884 1.4476644446910425 EXP_FA 21.332656082165748 0.03199144578055782 -0.0011306283615149816 -0.0007010950616838225
310574 PS1MD 0.2368 0.001 55840.767434087764 5.9149242588318884e-05 4.645115442927977e-06 2.1830820707442697e-07 -0.07832514849152716 0.0631942337966054 0.02428112341407984 0.052810678298661644 1.3045735793273291e-08 7.884180233364624e-09 0.0021121492621870913 2.2405728522467303 EXP_FA 21.222008720535598 0.051026745649002656 -0.003049273552507799 -0.0018428260889048259
320258 PS1MD 0.3412 0.001 55854.35940337693 1.606131516116875 2.335892570117993e-06 1.8747821705177973e-07 0.15450695077255241 0.09859363608257304 0.0028904893556759 0.09583653159264101 1.7046795246279582e-08 -7.120559264026702e-09 -0.0025544953332673377 3.2913412525640244 EXP_FA 21.968367836773467 0.08714094580400081 -0.007923447769282303 0.0033096766049858077
330022 PS1MD 0.2641 0.001 55871.03105341788 0.5454755087484955 3.6065653331863437e-06 4.820725735405449e-07 -0.009391333198306042 0.15605498905892679 -0.05505090271944977 0.16775524008035356 7.183206015989098e-08 6.962224793530574e-08 0.02134929822093982 1.4467665619557313 EXP_FA 21.496765490318424 0.14512523635651894 -0.021624637618599344 -0.02095938607972605
330089 PS1MD 0.349 0.001 55890.08625245177 0.8159106798120774 1.904567581853805e-06 1.17949612471758e-07 0.02423610677487293 0.08194924948951651 -0.1348977383178114 0.11526238087558374 8.902487879450667e-09 3.5660384327131483e-09 0.003901182520779263 2.2258506933574904 EXP_FA 22.190009030459223 0.06723949615541065 -0.005075038289653069 -0.002032890337336846
330128 PS1MD 0.3212 0.001 55889.73330314287 0.6224240252558957 3.563061109614173e-06 1.4916054032592332e-07 0.11538119905261619 0.05290247553430573 -0.04844653304244255 0.0725455559784401 7.104383069668832e-09 4.0863788084432084e-10 0.0007364051691199841 2.0096669097207323 EXP_FA 21.50994182263731 0.0454522092018446 -0.0021648480544992407 -0.00012452016067621163
330146 PS1MD 0.1352 0.001 55892.953061902735 0.21240754784594174 1.0460088017999593e-05 1.8899795687577622e-07 -0.02080622763037272 0.02899728000689769 0.377492071273181 0.0604844576874285 3.2625401776520083e-09 2.6847982796836387e-10 0.001095436553089914 3.273135698510106 EXP_FA 20.340661652541193 0.019617609723000126 -0.00033864514182474666 -2.7867668892544712e-05
340334 PS1MD 0.3065 0.001 55915.288996640804 1.121737500110612 2.2779345163346535e-06 2.1897696627014999e-07 -0.22999170614892073 0.1987642345336611 0.17989821262022168 0.12376644567436218 3.553079633509049e-08 -5.361745275133133e-09 -0.010002358657457956 0.5940809200410915 EXP_FA 21.99564691179603 0.10437140250640696 -0.01693511015714721 0.0025555787157876524
350047 PS1MD 0.2335 0.001 55935.95914148393 0.407343265680538 4.4779804244949835e-06 3.284131044736586e-07 0.3156884750568247 0.06811552231862292 0.3847089693654424 0.07822949809029599 2.078739590529076e-08 1.7252581577900568e-08 0.003288888708569421 1.080729184605486 EXP_FA 21.261794523181212 0.07962741321815367 -0.005040135551633285 -0.004183080466856286
350078 PS1MD 0.3006 0.001 55930.74728631094 2.53857805880034 1.7886353829425253e-06 3.6586793623938423e-07 -0.08834292864469802 0.16060405267138292 -0.1425091191405106 0.21856962694327417 5.318656889995772e-08 5.533884757163757e-08 0.027954808139327256 0.9327257416427055 EXP_FA 22.258195455617734 0.22208889990856392 -0.03228527402077143 -0.0335917487214604
350083 PS1MD 0.3676 0.001 55947.30649239976 0.6901873154674831 2.3786914607373504e-06 9.979865549965849e-08 0.018714051342762227 0.051103562102939405 -0.01798374096136989 0.07189469888124082 4.672334396202373e-09 -1.27678517278927e-09 -0.00026126482822702964 1.698842146514516 EXP_FA 21.948654716248985 0.04555236156124897 -0.0021326526363032888 0.0005827791921218578
350233 PS1MD 0.1692 0.001 55957.67383664506 0.15494984505858156 8.813797938040668e-06 3.8594905819641377e-07 -0.048614402373932566 0.04804418662967262 0.03274993815775096 0.043923931989817644 1.8093753983818346e-08 1.167594882330054e-08 0.0015779407296385327 2.0925231001740374 EXP_FA 20.52659227547739 0.04754350719427796 -0.002228896545883983 -0.0014383130236791666
350316 PS1MD 0.0796 0.001 55964.295948786596 9.139541361946613e-06 5.4191313769698134e-05 1.354684276930383e-06 -0.02620536804253021 0.023387866847388094 -0.02327002553529622 0.018026735915490227 3.128516043953308e-08 2.2695402237074607e-08 0.0003965556592216952 36.987837496953404 EXP_FA 18.554675800453232 0.027141430298786018 -0.000626805829163367 -0.0004547079259798098
350548 PS1MD 0.1806 0.001 55962.405754034495 4.802132025361061e-10 1.0640055046486375e-05 4.6963753685305744e-07 0.0073593596726264044 0.04959203517577697 -0.06153472686823513 0.04982287159206637 2.270872238105756e-08 1.843695418106043e-08 0.0020820270384369283 12.285416773215655 EXP_FA 20.322140313015154 0.04792291718858898 -0.0023172513624407786 -0.001881350103207825
360112 PS1MD 0.1806 0.01 55984.74200097018 0.34066999103743 1.2634629918174813e-05 3.606214776535414e-07 0.06250220245139304 0.0302202268407193 -0.14441972033712747 0.02881663908992634 1.0422478343621028e-08 2.2103637684853457e-09 0.000268927080072171 4.299061908827006 EXP_FA 20.135593686269228 0.030989415363769212 -0.0008956385865088797 -0.0001899439860662606
360140 PS1MD 0.2307 0.01 55974.74331438594 0.29836275626075803 5.315240743745409e-06 1.8274617487226726e-07 0.029439235851259044 0.040563979023184905 -0.05910709774628302 0.04802550687920024 6.955470333002966e-09 3.1042365959255707e-09 0.0010429864825160545 2.3379574538424532 EXP_FA 21.075692650376467 0.03732928533356845 -0.0014207834274578858 -0.0006340977244158784
360156 PS1MD 0.0462 0.001 55988.63561229024 0.10680487566060037 0.00013866243694188668 1.6282264103784058e-06 -0.012299920118396045 0.010824077311305438 0.12980510451715377 0.01277885022103238 1.5429146929504706e-08 1.3542830491283058e-08 0.0001001556253413778 11.30865731275579 EXP_FA 17.534602928756613 0.012749122273338504 -0.00012081125789615779 -0.00010604127335112937
370098 PS1MD 0.2212 0.001 56001.27989391117 0.5679659278175677 7.051570957546999e-06 2.9395742142542413e-07 0.010495971843689564 0.045265461554883646 -0.032980705411731 0.035582243541585436 1.2228457982420022e-08 1.996596167620828e-09 0.0006516889896008701 1.2131688225403041 EXP_FA 20.768785298943072 0.04526086697849113 -0.0018828257759595094 -0.0003074175610680318
370333 PS1MD 0.0755 0.001 56014.153115684814 0.09124125657763216 5.841499605216895e-05 7.715971275504948e-07 -0.1238888300093109 0.017428050484374805 -0.3099945777952055 0.021167605814010317 1.2214505274209825e-08 1.3504819638391778e-08 0.0002711727416644886 9.211933129039885 EXP_FA 18.47318912080295 0.014341367687858346 -0.00022702613191268587 -0.00025100868973843097
370356 PS1MD 0.0264 0.001 56015.76083481103 0.04588203326420626 0.0005844144710143237 5.958686829336713e-06 0.10103232150265275 0.007182085627854973 0.11616700907482339 0.009048005666567067 3.646579753289966e-08 4.9749755971159296e-08 5.167323843639717e-05 4.788401473714919 EXP_FA 15.972697596988695 0.011070160552659775 -6.774684505695352e-05 -9.242603308918699e-05
370369 PS1MD 0.1912 0.01 56010.21153981141 0.00017556480088387616 1.5795593196551216e-05 6.811742936731339e-07 0.2212740317507327 0.03583284726804385 0.2779022724012959 0.03217469913294615 2.3231059191062804e-08 4.184617838638037e-09 0.0003199321515455415 2.8175248384678575 EXP_FA 19.893160149286068 0.04682164089620551 -0.0015968252489639387 -0.0002876366233259303
370428 PS1MD 0.1777 0.001 56006.692492643335 0.2120366582494171 1.2009840562467217e-05 3.765892343782268e-07 0.07030886760884057 0.030746987063590588 -0.03249423721454322 0.02713266952147162 1.1254844736283115e-08 7.515074296821946e-09 0.0006144433449156697 4.190293370316205 EXP_FA 20.190656895168903 0.034045128572680154 -0.0010174816514469775 -0.0006793918872667051
370563 PS1MD 0.1852 0.001 56023.287068567224 0.24457755627736333 9.998457242230298e-06 5.371012028453853e-07 -0.02634177287372363 0.06933725012944837 -0.13751524437263596 0.10609616543127844 3.623416830174438e-08 4.470746860751396e-08 0.006378320317087786 0.773144951956932 EXP_FA 20.389667515718713 0.05832402013836037 -0.003934681863551957 -0.004854800707177679
380279 PS1MD 0.3491 0.001 56032.23018495181 1.1905292155424831 1.92888758583621e-06 1.5031514601852268e-07 0.10791169062588088 0.08905536895013175 0.19214157287015335 0.3680746676552428 9.599782990543226e-09 -2.7127197376479783e-08 0.0037092336920139107 0.33444296636706183 EXP_FA 22.176232704961848 0.08460969802191111 -0.005403545560243497 0.015269412557546951
380378 PS1MD 0.2712 0.001 56052.63749421367 0.1873764721713087 5.5207232285991465e-06 1.5920236980930323e-07 0.1326331352708537 0.03065479455998403 -0.05433686692476122 0.03662406920595788 4.542026802929237e-09 3.113640420420793e-09 0.0005136975501762995 1.0580931321755047 EXP_FA 21.034510062191814 0.03130962550156917 -0.0008932603100578579 -0.000612345881701986
390264 PS1MD 0.2921 0.001 56057.93425375881 0.710081556244404 2.152116164996656e-06 1.5278509196736257e-07 -0.4681088214671039 0.11322878980526924 -0.14709748528360955 0.08636358553435108 1.6322113222168045e-08 1.6352574082272079e-09 0.001722248552022575 1.4876594546875483 EXP_FA 22.05733572603707 0.0770796245083377 -0.008234457577942477 -0.0008249824991273102
390471 PS1MD 0.3704 0.001 56068.45431644341 0.462417449503846 3.7665999370133083e-06 1.4062074321733258e-07 0.11745171616959643 0.04662852499195355 0.00462050621538304 0.07712392724158115 5.809963137472791e-09 6.095777628778404e-09 0.0017231558192213532 3.2866835702921624 EXP_FA 21.449626262986804 0.040534443424888406 -0.0016747431190333117 -0.001757130191258746
420100 PS1MD 0.0963 0.001 56136.43999210373 4.595000129993423 1.4244494418892029e-05 5.213971335935455e-06 -0.41368264559927925 0.20782395080092791 -0.19487779293268653 0.18662435101812802 1.0370421358720692e-06 7.936801866860006e-07 0.03282178311453457 4.030585530124543 EXP_FA 20.005382401509124 0.3974165234315534 -0.07904486882192793 -0.060495465008663284
420159 PS1MD 0.1808 0.001 56154.18460737593 0.20418926861748332 1.3334442776094054e-05 4.808746698725668e-07 0.17568148133301315 0.04324553531424398 0.15521722981791689 0.06486211099391145 1.9766591813409005e-08 2.1779919651108805e-08 0.002385884145658037 2.871335163883159 EXP_FA 20.077062820074715 0.039154469954138904 -0.0016094639076309634 -0.0017733959865444539
420258 PS1MD 0.2748 0.001 56167.34725600225 0.00022808259018347599 1.6839314987887592e-06 2.0499339095123677e-07 -0.882079869486199 0.29221364000627187 -0.4118293094626321 0.12905239833471507 5.8144084896843184e-08 1.5368112797574037e-08 0.01991475886586351 1.143174038305793 EXP_FA 22.323688948217907 0.1321720904039075 -0.03748913664863528 -0.009908785764227821
420407 PS1MD 0.2454 0.001 56174.80606732539 0.4661362548649777 4.6638109164165085e-06 3.7225730595309957e-07 0.11194977646856634 0.07977528203388212 0.11558333493441486 0.05278875983660965 2.7354031062602817e-08 1.3516540440673025e-08 0.0022608625511922973 0.3453107971615031 EXP_FA 21.21764766343004 0.08666158251320258 -0.006368024433882094 -0.00314665358062846
420417 PS1MD 0.3618 0.001 56170.40509334416 1.5020167619150016 2.5793738640454665e-06 2.835167969859784e-07 0.10141916167298018 0.16347385793635272 -0.09630961933207952 0.15143833171758272 3.9696811974240684e-08 1.6627697311194046e-08 0.007704531563998161 1.4754178177734676 EXP_FA 21.86071426260367 0.11934076538325011 -0.016709584668858777 -0.006999098976760259
430004 PS1MD 0.2318 0.001 56186.04462405424 0.6317032911501883 5.29755200010956e-06 5.425205840246377e-07 -0.2540165321978234 0.12433574831500792 -0.2716726997503453 0.1189197596389019 6.540082789906036e-08 5.7390667912867396e-08 0.012752513164716586 1.9622950819288767 EXP_FA 21.079311929039477 0.11118989297129922 -0.01340393575555216 -0.011762249047666195
440008 PS1MD 0.1466 0.001 56215.965741280415 1.9908104150090367e-05 1.2259073350311077e-05 1.1642581083910202e-07 -0.03296706807800063 0.01378868377124494 0.03426096409374453 0.023699186244287476 1.2439305015480334e-09 7.050591651608231e-10 0.0002003426091034092 1.8897037866083979 EXP_FA 20.1683558910318 0.010311359952269714 -0.00011016985893957206 -6.244421908873091e-05
440042 PS1MD 0.1592 0.01 56214.02636265701 0.11184639867860824 7.908470488823329e-06 9.178299691839712e-08 -0.02770015493859647 0.016352171290838654 0.17372693432258793 0.027634748416902888 1.191463539548095e-09 6.025391886513819e-10 0.0002966263262101857 2.2766409544214175 EXP_FA 20.644268754117444 0.012600682126378455 -0.00016357336141860075 -8.272125600379269e-05
440162 PS1MD 0.4198 0.001 56215.530241944274 0.6815762749356509 1.8376028503850092e-06 1.0571580294808049e-07 -0.04412707021926027 0.11100087492382096 -0.14377515811261654 0.13258806993283587 1.0004118974630445e-08 8.730288393269448e-09 0.008770209385364526 0.9320861478433682 EXP_FA 22.228870860399034 0.06246152407292954 -0.005910871418809734 -0.005158236549625699
440509 PS1MD 0.3192 0.01 56228.35778683901 0.5918444362832815 3.971713013858783e-06 6.060011227955086e-07 0.3332904482033128 0.14982175639901 0.4701364413104538 0.28114746683645686 8.764012554365405e-08 1.4701091317453704e-07 0.03570754836510377 1.0607863134445856 EXP_FA 21.392055350215287 0.1656608513372701 -0.02395793879373084 -0.04018796684735086
450175 PS1MD 0.5196 0.001 56237.543943412325 3.6170416284367093 9.97476359881324e-07 8.848669254580941e-08 0.08901918897793923 0.21397750536009674 0.07850041686602652 0.3391960899041818 5.931707040688222e-09 -1.5057713914687837e-08 0.037013988398955776 0.29289600676251154 EXP_FA 22.89224347066883 0.09631627334778843 -0.006456563131842188 0.01639006779069126
460003 PS1MD 0.1506 0.001 56278.59694230177 0.08526928633727948 1.4056489660565783e-05 1.395110280006536e-07 0.06969617929405537 0.012837327498387186 0.14012140988826904 0.01580886626577878 1.4786262852017915e-09 8.033787499881781e-10 8.454810937686808e-05 3.0307258783390063 EXP_FA 20.01980780629014 0.010775960266116534 -0.00011421045580493718 -6.20537144094044e-05
460037 PS1MD 0.3026 0.001 56276.61242586193 1.8482203322309942 2.8720706668016838e-06 4.0988451199557804e-07 -0.268671905399326 0.22635025198962566 -0.6342831952551715 0.3580461298775302 8.957427919763851e-08 1.2030598523589242e-07 0.06603450266520089 2.4399245334754314 EXP_FA 21.74401219639428 0.15494968824663183 -0.03386199339178882 -0.04547957866411535
460105 PS1MD 0.2106 0.01 56289.441810599186 0.20556947820296045 6.22657391632708e-06 2.80122927446227e-07 0.13247732527588452 0.04533326245604937 0.29913523992605157 0.031166493864156694 1.2109542976264526e-08 3.379784803794673e-09 0.0005029847582866913 1.1023630623682288 EXP_FA 20.903877129947006 0.04884541775272278 -0.0021115575610416095 -0.0005893376959918622
470008 PS1MD 0.2396 0.01 56298.95691259541 0.39625581664586207 9.084789528467005e-06 3.11948239691742e-07 0.07265939087866048 0.034552265370661854 -0.12994786624496604 0.08779248481273355 8.01183492733117e-09 -5.323760447260909e-09 0.001417138670069545 3.241175992438267 EXP_FA 20.493712824352777 0.03728138079397459 -0.0009575058640480163 0.0006362502339694677
470041 PS1MD 0.3316 0.001 56302.40185253481 0.5501653101418924 3.168330169113089e-06 1.2831783781103345e-07 -0.07833660302421634 0.05981847289987326 -0.11951745385100503 0.06309728806484799 6.729074203032456e-09 2.9633013864491602e-09 0.0013788363931425067 1.3468000621813048 EXP_FA 21.63742391812276 0.0439724759704322 -0.002305946380828569 -0.0010154761117520943
470232 PS1MD 0.2006 0.01 56314.405621922895 2.7524692995939404e-05 7.234026881660055e-06 2.123247598049552e-07 -0.02274857631560998 0.03202263203695469 -0.10192617845890865 0.03149867070250549 6.628598888279638e-09 5.052314684734418e-09 0.0007873272443591862 5.8468403435572975 EXP_FA 20.741049704330337 0.031867268764408034 -0.0009948690981603256 -0.0007582887181348864
470244 PS1MD 0.3606 0.01 56318.73257196399 0.331838513360708 2.2505676167474968e-06 8.051452452320918e-08 0.1613095891910554 0.03930067159176634 0.04628310893512907 0.053889760256422864 2.7475212151922477e-09 1.7816942441843262e-09 0.0004802247538004204 1.2209226280837977 EXP_FA 22.00876983613037 0.03884243851783029 -0.0013254803963572554 -0.0008595386925169335
480064 PS1MD 0.2426 0.001 56325.94608237178 0.3960971237538615 2.8514099219998506e-06 1.7041854139269153e-07 -0.15808677419946032 0.07207612448563565 -0.06066633420772358 0.05720351110685622 1.1928881946135516e-08 3.1502828051859196e-09 0.0017859815439591102 1.1330421096861063 EXP_FA 21.751850858808723 0.06489055779898026 -0.004542180663424662 -0.0011995385407154845
480464 PS1MD 0.2212 0.01 56341.45152948347 0.23087973805013462 7.958057359258826e-06 3.1290040309856047e-07 0.06862592416485258 0.046073719845890135 -0.054817542189688435 0.05397734022880193 1.3932349494100603e-08 1.2708217910930348e-08 0.0019449671177718972 2.646438309696689 EXP_FA 20.637482337289285 0.04268972700130933 -0.0019008227234614298 -0.0017338116151927132
490008 PS1MD 0.1206 0.01 56362.065216608404 0.08985657109224121 2.7798067470049517e-05 4.882142754914935e-07 0.04728095479571792 0.01565578602142013 -0.025713677334950485 0.015904483088389338 7.404349933089986e-09 5.829329301639313e-09 0.0001864130537436326 2.3310843983133904 EXP_FA 19.279463488286346 0.019068660623692266 -0.00028919890937439735 -0.00022768179403357465
490521 PS1MD 0.3412 0.001 56369.771962039835 0.6598926840124477 1.1033171956615123e-06 1.621671257163188e-07 -0.5536846660297293 0.22965315387432944 -0.2550167206619873 0.24300558188065743 3.4317593918939985e-08 3.297481681795764e-08 0.03748965257725709 1.1974123016101796 EXP_FA 22.782749032767136 0.15958304674677376 -0.03377075452507635 -0.032449374128587026
500004 PS1MD 0.2504 0.001 56376.23993800632 1.3531607554141374 5.800655708151332e-06 5.63981739297227e-07 0.028465712648601805 0.06971629593651946 0.09013161460843314 0.0626571293515563 3.168180901726496e-08 9.00189409027116e-09 0.0021160037680376807 1.0956767984817846 EXP_FA 20.98080727715473 0.10556313354660578 -0.005930034260426708 -0.0016849271559888038
500057 PS1MD 0.3804 0.01 56392.84662827868 0.4668380534276366 2.6356322162759957e-06 7.822924462549029e-08 0.1828641027777158 0.03886712974423964 -0.07240415186565556 0.059340937988038495 2.545055819452585e-09 1.7811345969562752e-09 0.0007652213861460075 1.1509677149087654 EXP_FA 21.837287981387874 0.03222616669968677 -0.0010484236872071533 -0.0007337299588009743
500100 PS1MD 0.3106 0.01 56392.06743740033 0.5159055915755744 2.6780736007942808e-06 1.2174403569944093e-07 0.08755095172635374 0.05786103204949512 0.16084207002004192 0.08103344727818788 6.468333809292036e-09 -3.514944006252938e-09 -0.0009621330880983944 0.8681676905358642 EXP_FA 21.819943728896675 0.04935708534412417 -0.0026223716178399767 0.00142501758135196
500504 PS1MD 0.1994 0.001 56413.49339907777 0.00022342518423101865 4.709756330517606e-06 6.070461737167444e-07 -0.47430595978272805 0.2127517796431385 -0.06281361224824404 0.11865482199193536 1.271060528117644e-07 4.590209512570479e-08 0.017130647797443783 1.1057251604634568 EXP_FA 21.207003903647553 0.1399418489006474 -0.029301652505335615 -0.010581771763710793
510251 PS1MD 0.24 0.01 56423.899404904965 0.00013353926260606386 3.2384039203618326e-06 1.976389854485203e-07 -0.2846590082024782 0.09591854233656485 -0.06448833384307984 0.07438417166800104 1.8213323233399392e-08 4.2786905872980515e-09 0.0026736112813733072 0.6643254502749162 EXP_FA 21.613672458564487 0.06626221041294558 -0.006106361321738593 -0.001434511998450232
510457 PS1MD 0.5027 0.001 56430.86440325537 0.930638091347646 8.142597421731818e-07 7.381424305857745e-08 -0.2954919383767356 0.27436951390020686 -0.26026239419058156 0.22190146273727512 1.6633679260643306e-08 1.1800251514613572e-08 0.04226831991613175 1.1204580967660362 EXP_FA 23.1125925915892 0.09842411697970047 -0.02217939418620282 -0.01573448818736145
510578 PS1MD 0.3701 0.01 56438.2301229217 0.32500285204150714 2.7272501297201253e-06 1.1977645085295722e-07 0.1766119748321287 0.0482712659954931 -0.03502673901078538 0.049406011777036955 4.853401523644851e-09 3.814685507029576e-09 0.0008282139728188093 1.2936437844778637 EXP_FA 21.800187572293375 0.047683792458682144 -0.001932171051355033 -0.0015186513769359193
510638 PS1MD 0.27 0.01 56439.474724041655 0.21030492773934384 4.270677785506373e-06 1.714880360223801e-07 0.048715989587850526 0.04160858158520266 -0.015750520280381628 0.03417905702824563 6.775552906367487e-09 4.286254373595026e-09 0.0009311174694109848 1.6903106954471419 EXP_FA 21.313257985068734 0.04359747532915031 -0.0017225516574121726 -0.0010896962472815553
520019 PS1MD 0.2631 0.001 56440.13018899904 0.0002510700942366384 3.178139663446152e-06 3.027011764771734e-07 -0.06775783692620002 0.10906007147997646 0.03871099855651724 0.08310037649040658 3.1844880232983605e-08 1.5088568388473713e-08 0.004972411220279692 1.3813194778706273 EXP_FA 21.634067554061982 0.10341069346454654 -0.01087904971666536 -0.005154652316182739
520023 PS1MD 0.268 0.001 56442.03090396474 1.0151109655671462 3.957550949016695e-06 4.819126084253247e-07 -0.0232449565296568 0.15042113424613968 0.1390132781998532 0.12179114753405253 6.722552720430783e-08 1.4388351687276224e-08 0.004946735478311015 0.5956864932364561 EXP_FA 21.39593371344173 0.13221054466192178 -0.018443019359688773 -0.003947379213791296
520062 PS1MD 0.308 0.001 56455.90462859229 0.499535037924943 2.3019817081198982e-06 1.2669931584657014e-07 -0.10098357897915283 0.07337173927637992 -0.043839621321601845 0.08151773125210592 8.754118946589861e-09 6.244701381836362e-09 0.003503506385587481 0.6696601096662623 EXP_FA 21.984245329148443 0.0597580918421189 -0.0041289050419234105 -0.002945331126762246
520077 PS1MD 0.25 0.01 56447.74833995226 1.0923692419783038 3.3683398833169952e-06 2.9561474826635084e-07 0.025875185524583944 0.10597822997963209 0.22937374939049804 0.09709456385660896 2.8844266429531806e-08 9.309817497762458e-09 0.0051092083946607065 0.5269153917883358 EXP_FA 21.570960230875208 0.0952871877457837 -0.009297536901588537 -0.003000886569397359
520188 PS1MD 0.2804 0.001 56482.25892298983 0.23728768234650488 5.1311878915267625e-06 1.415086289673505e-07 0.12813915261457637 0.03295008133203843 -0.13243623089922457 0.044841452744803625 4.300761501263099e-09 2.8007995318097184e-09 0.0007291696573967465 2.8455926742336666 EXP_FA 21.113955205634362 0.029942587370314022 -0.0009100217276514282 -0.0005926365430852727
530112 PS1MD 0.3148 0.001 56487.61986568628 0.31206564942840487 2.395587049003781e-06 9.861580814104395e-08 0.14177432796317216 0.059240646912383385 0.07801540370277839 0.06267045941419193 4.798420676459459e-09 3.4369494312376855e-09 0.0016305299111325504 1.162423460869155 EXP_FA 21.94097010864877 0.04469499586948381 -0.002174756728735265 -0.0015577060466115949
530219 PS1MD 0.3288 0.01 56471.27378787051 3.160754511693085 2.0995374785731357e-06 7.405095841798331e-07 0.09261304236023812 0.3152935257903545 0.15298601652532767 0.12233537600348647 2.1642880162610905e-07 6.271568512191327e-08 0.029639928298889187 0.5631557457740973 EXP_FA 22.084190921054955 0.3829405636811194 -0.11192207239738315 -0.03243223359334762
540163 PS1MD 0.3297 0.001 56516.56504673052 0.6780585425003665 1.8398712630143617e-06 8.798451366498512e-08 -0.09110249181935642 0.0742147050036142 -0.04804414802857587 0.09262667323549302 5.947470586919461e-09 1.919521703595205e-09 0.0024140275769635494 0.8465258587446642 EXP_FA 22.227531409484932 0.0519210087490589 -0.003509693462124657 -0.0011327391493673486
550041 PS1MD 0.2588 0.01 56558.83659918743 0.3528904466838867 7.324564834785039e-06 4.5929361691966234e-07 0.22650262795512538 0.04934180463362205 0.00949833332282753 0.049869803417677785 2.2011973662024163e-08 1.692741412008631e-08 0.0018314689432957648 1.1986332377432214 EXP_FA 20.727545431006497 0.06808209357854957 -0.003262882817221102 -0.0025091874777091873
550096 PS1MD 0.2246 0.001 56573.891420365195 0.5268985140028235 6.214640640556866e-06 8.908092168392063e-07 -0.37664960254551 0.2130897635314505 -0.4661544463988347 0.23849004102384616 1.8811799604736564e-07 1.9692253062355552e-07 0.04676944727472087 6.054471810814574 EXP_FA 20.90595994806082 0.15562988661688676 -0.03286537885107223 -0.03440358556459147
550154 PS1MD 0.2102 0.001 56571.71475342448 0.36724689352922724 7.466785815508975e-06 2.7529965818393804e-07 0.15203698463261942 0.03941243230653343 0.0584685956960096 0.05984678752480204 1.010999900705526e-08 3.6238194359696063e-09 0.0009866056648171143 0.43776146502764063 EXP_FA 20.7066657655379 0.04003098701813566 -0.001470082606257322 -0.0005269351576907646
550218 PS1MD 0.3878 0.001 56555.77218360258 0.5526672460327973 1.8436881177125258e-06 1.8703661689630207e-07 0.17561015692960802 0.11222115428738387 0.5410283088437894 0.14533140554893556 1.4328115574356522e-08 1.876530285291373e-08 0.006330058914014677 1.2846332824226163 EXP_FA 22.225281358168296 0.11014467394395552 -0.008437736120108428 -0.011050767483351685
560087 PS1MD 0.3068 0.001 56605.57982136447 0.8941570060669619 2.4345080734175158e-06 3.2130270553496226e-07 -0.14291284092557355 0.23942051428519007 -0.017170732111468814 0.23229182577752608 6.486863912575533e-08 3.054852050439178e-08 0.027116072858089157 0.5672421965005279 EXP_FA 21.923471952225427 0.14329382756835138 -0.02892996364286182 -0.013623957577127335
560121 PS1MD 0.3652 0.001 56594.920177338914 1.0543270035414025 1.5290015920285903e-06 1.1224646524577474e-07 -0.10665194129251956 0.11021521494000767 -0.08059558394364595 0.1165635294237452 1.1166997310120013e-08 5.13065565153671e-09 0.0036641980434646082 0.3499092031994437 EXP_FA 22.428480155977255 0.07970564047076803 -0.007929627634950974 -0.0036432523184162613
560152 PS1MD 0.2488 0.01 56597.6997196828 1.1306846684346965 5.3979932716484965e-06 5.064604346410042e-07 0.12342804469421877 0.05898303854630222 0.15440028161713404 0.2434703072431165 1.9123321855009743e-08 -1.0193042231454565e-07 -0.0022924623500401933 0.4194611995491028 EXP_FA 21.05891915276839 0.10186793545212178 -0.0038464077015949454 0.020501979958821016
570025 PS1MD 0.2988 0.01 56609.28788316159 3.5007404221687466e-05 6.257890632047578e-06 1.0347172342532875e-06 0.4794750584305689 0.10043580956445043 0.5255971241914249 0.1321861166825086 6.390180644459395e-08 1.2245599068930012e-07 0.0038200208708217393 1.6371118515418615 EXP_FA 20.89843007801183 0.17952214715334633 -0.011086883566010924 -0.02124596136276591
570062 PS1MD 0.1238 0.001 56595.084468303874 0.1581636648697895 2.2549779453209984e-05 2.457828559109434e-07 0.0730906209574933 0.0134938948458627 0.004122583093925817 0.030512851506569492 2.34591539151111e-09 5.447396532286328e-10 0.0002375907039872377 1.2419465349977767 EXP_FA 19.506644253392135 0.011834055660059893 -0.00011295211463810481 -2.6228352472579183e-05
580235 PS1MD 0.3312 0.01 56643.91166901209 4.245313539286144e-05 2.2746110362165004e-06 1.3881242355354652e-07 -0.052149088771318006 0.07799702284532362 0.09573940815826526 0.0869773625329076 9.943361765295422e-09 7.555063180497534e-09 0.003302447212831279 0.7480288606316774 EXP_FA 21.997232145063634 0.06625909727976916 -0.004746247905112768 -0.003606245416774863
580275 PS1MD 0.3826 0.001 56653.68815724594 3.6968220463822945 2.2291138630363097e-06 2.150182274662192e-07 0.1174024825699358 0.08834916872222985 -0.15698805289865803 0.2562254497718236 1.211962591902989e-08 -3.850960338547471e-08 -0.004224289003967088 1.0174151636632165 EXP_FA 22.019169368026205 0.10472909352643076 -0.0059031155234448565 0.01875690215731482
580300 PS1MD 0.2406 0.001 56654.44893294746 0.5778126016884926 4.350883069593969e-06 2.5388598361527154e-07 0.07536570899242297 0.055516626012541884 0.29400429305583015 0.08366090438050076 1.2449383427888438e-08 -2.9682606306429575e-09 0.0011610337119164658 0.8072481957817566 EXP_FA 21.293056470642313 0.06335569122004789 -0.003106667335887689 0.0007407112487966745
590005 PS1MD 0.1712 0.01 56663.14701597447 0.19106215193096432 9.989650697789066e-06 4.989816591938372e-07 -0.028384449916546674 0.0660754746663345 -0.06980524452578493 0.0853414777920418 3.197348993292085e-08 3.439640269333455e-08 0.005104696333095897 2.1524314504734803 EXP_FA 20.3906242430674 0.054232372010458336 -0.0034750740203884113 -0.0037384109662471727
200132 PS1MD 0.2088 0.01 55841.144313800665 0.2393469068010745 6.813528526455537e-06 3.564155237881404e-07 0.06724558796421075 0.06266527047105264 -0.09239732224532106 0.08800990433311262 2.1670177585776357e-08 2.368167037007797e-08 0.004222217293503843 1.5272646944433461 EXP_FA 20.80606980366047 0.05679483642169817 -0.0034531441788290345 -0.0037736756821530703
350180 PS1MD 0.2896 0.01 55955.85105389105 3.1248327019420685 3.897174249820652e-06 4.182948701506921e-07 0.24796288036049927 0.09654875584800136 -0.5933360324265866 0.1794730483963932 3.8876511607480784e-08 -3.980954779862491e-08 -0.0072682980033680926 0.3384958385373251 EXP_FA 21.412625439172523 0.11653517540513038 -0.010830831125624944 0.011090771048280807
10 PS1MD 0.2457 0.001 55215.1537715081 0.5105212814087281 4.587091893384013e-06 2.6358246912281215e-07 0.008906162317680568 0.08335894751168915 -0.10457856575301065 0.08748165458289361 2.0692702321315867e-08 1.4880048828290032e-08 0.005048428996732717 0.6036860133112772 EXP_FA 21.235656398858048 0.06238833586022974 -0.004897834315667239 -0.003522015280475388
38 PS1MD 0.1505 0.001 55204.60921637999 0.27301636488118675 1.6639615416341834e-05 2.07759344633783e-07 0.00041506068945620537 0.017312647866828245 -0.0602442140387572 0.04604148399370022 1.310232177445362e-09 -2.305327282637288e-09 0.0005269850290229879 0.5702634815440317 EXP_FA 19.83664178893696 0.013556313454467513 -8.549275185136787e-05 0.00015042278513948087
137 PS1MD 0.1187 0.001 55212.8099832959 0.14811451345303794 1.74476702058244e-05 2.4784707411429006e-07 -0.0698625411328966 0.03248644458902872 0.059292052196190964 0.03317361132498369 5.08366385725813e-09 3.588797444209812e-09 0.00040849223050041177 1.4356108495607427 EXP_FA 19.785156390860223 0.0154230644226314 -0.00031634698716410774 -0.00022332421869260846
174 PS1MD 0.2448 0.001 55216.86804571382 0.24875176650675712 3.0156607633966688e-06 1.4766536503148344e-07 -0.2864123308387954 0.08155374118120484 0.012921229774833433 0.06513128873075232 1.1513447441264303e-08 5.0886962022504954e-09 0.0030017177674182068 1.0149309809409663 EXP_FA 21.69104378637502 0.053164346251905664 -0.004145216491287493 -0.001832096557033005
196 PS1MD 0.3503 0.001 55216.524180084365 0.27423878840272664 2.5279246997042692e-06 6.996213776722791e-08 0.07547027337398533 0.03569586700422381 -0.04622268084744112 0.04268749305671227 2.305497917923704e-09 7.558519288919936e-10 0.0005467685839254295 1.051244667797317 EXP_FA 21.88258966674745 0.030048531882710634 -0.000990204557824482 -0.00032463617477621455
202 PS1MD 0.6192 0.001 55215.153344166254 1.9487156743234664 6.025887602225317e-07 1.8571013950023708e-07 -1.023353204268656 1.5952434154233568 -0.8024704933775417 1.0440775762502754 2.949834005062345e-07 1.9016857764340796e-07 1.6489310888208 1.1113511153280178 EXP_FA 23.43944743314544 0.3346099950016142 -0.5314970654514224 -0.3426431480045471
220 PS1MD 0.2196 0.001 55227.731089724344 0.11243448096502107 7.132560277449537e-06 1.9082480596547102e-07 0.14175777740362547 0.02866757369804205 0.1229394380603063 0.033958427282179446 5.243156892365149e-09 4.021042172973054e-09 0.0006264113052866433 2.655870704957348 EXP_FA 20.756386373553976 0.029047830308241353 -0.0007981264852771155 -0.0006120931191929958
10010 PS1MD 0.0994 0.001 55238.68245598802 0.07723753115351428 2.8695462322954824e-05 1.684134508206366e-07 -0.045255559562278565 0.007822805574392412 -0.1464791872054639 0.014558884641762597 1.0078083405042186e-09 7.041282380466767e-10 8.362033976853917e-05 3.9303824987398404 EXP_FA 19.244966934463612 0.00637217755428689 -3.8131952377269304e-05 -2.6641756534038162e-05
20090 PS1MD 0.4098 0.001 55272.15841106217 1.211144401517231 1.55655074085246e-06 1.0427356222568899e-07 -0.03937020328931785 0.13321903297106558 -0.18385564131732993 0.1781395453106574 1.1634057821639121e-08 1.568285742503504e-09 0.002596839371645432 0.7216213057807844 EXP_FA 22.409091793761004 0.07273362745985892 -0.00811506972030049 -0.0010939216855272674
30006 PS1MD 0.5025 0.001 55289.13863815876 1.0092608409649984 1.3816208135683234e-06 1.8356858640855602e-07 0.018754942788636444 0.38030805821258296 0.08211481925216806 0.24493265097213612 4.930261121828555e-08 3.6195133882693246e-08 0.0816177483712494 0.5479070429488184 EXP_FA 22.53852783229398 0.14425597701100665 -0.03874408192400889 -0.028443670583545664
40150 PS1MD 0.3815 0.001 55337.702697662426 0.49632691054648603 1.642846897220651e-06 1.1277061956622037e-07 0.03503631088703553 0.10154018430552852 -0.041377977774096165 0.22298074637910953 9.234308137889439e-09 2.0720327570034262e-08 0.014238207697689447 0.6230308150871366 EXP_FA 22.35050727033876 0.0745286397065923 -0.006102834468726877 -0.013693795724540173
40201 PS1MD 0.2797 0.001 55322.39383248797 1.432763412278291 4.8336539450325965e-06 3.1461907316088646e-07 0.05368855987075949 0.04451109819656082 0.00022999341158251848 0.04754294752467115 1.033297947299159e-08 -2.9322091102801625e-09 0.0005054588704224675 1.160068914656354 EXP_FA 21.1788111129666 0.07066979190541073 -0.0023209956783064433 0.0006586333293934897
40780 PS1MD 0.2307 0.001 55359.196246579944 0.4062820222861774 2.659082628140088e-06 2.2872471650746806e-07 -0.44794302295747107 0.1629717784264081 -0.13046564642333605 0.1297122692673351 3.625416987105419e-08 1.3106338947082022e-08 0.011473292757753883 1.1343058694175667 EXP_FA 21.827670418059064 0.0933911203086219 -0.014803024315941332 -0.005351479700588235
50003 PS1MD 0.4269 0.001 55354.01753618651 1.264166573404509 1.4169800860789963e-06 8.709633915625339e-08 -0.051987339982228806 0.1088778323942784 -0.4031907497727993 0.1757577303604585 7.971917358440044e-09 9.906056937294432e-09 0.012259838374250806 2.010086082402008 EXP_FA 22.511090632967758 0.06673604636569715 -0.006108342228964544 -0.007590342848767734
50201 PS1MD 0.5501 0.001 55352.00984674292 2.817642553269252 1.0208360388740498e-06 6.371181899921982e-08 -0.07908926091376033 0.12696019273312292 -0.3012817427829795 0.18248132276377813 5.911589024820647e-10 -7.298080267978237e-09 0.00022522732797977072 0.495413169748941 EXP_FA 22.86711001581704 0.06776233001603943 -0.0006287421277738103 0.007762059400758007
50291 PS1MD 0.3253 0.001 55348.652597748034 0.8054163747110579 2.202203639918502e-06 1.2332039702341345e-07 -0.0038652415540021286 0.09568267678434103 -0.07230240259114283 0.10336581762248602 9.761719210951865e-09 3.4320266956930223e-09 0.0037792063924384 1.639960765082165 EXP_FA 22.032356309682555 0.060799745040118876 -0.004812748365271811 -0.0016920667878599213
50296 PS1MD 0.3509 0.001 55358.32291729755 0.4821105542650912 2.6421403304487505e-06 1.1300906953576146e-07 0.08479952847626329 0.0627474235103002 -0.04805123424166487 0.10943076388815975 6.0985312141965774e-09 5.167778738870356e-09 0.0029778124756846954 1.0380914968613952 EXP_FA 21.83461029920244 0.046438880193833514 -0.0025060728451074283 -0.002123598209493244
50303 PS1MD 0.3283 0.001 55355.9262367087 0.7482183191023069 1.3105688975756063e-06 1.1030371884839809e-07 -0.522520803769381 0.18458963929226255 -0.19795353681567698 0.23314077699551786 1.8532447983389512e-08 5.927892280378095e-09 0.01247547500730872 0.7219532010450579 EXP_FA 22.595850357338314 0.09138072885348521 -0.01535314150639836 -0.004910941560278733
50580 PS1MD 0.4504 0.001 55367.90297211215 0.00026939469171338715 1.4858025067916622e-06 8.943421555617004e-08 0.18975890733202277 0.12140454901776537 0.15192993752789294 0.12008494153802622 9.725567776847094e-09 7.1929084772345826e-09 0.010091546064294295 1.7360322982291203 EXP_FA 22.459597283152334 0.06535321170183762 -0.007106867163626716 -0.005256150205392208
70242 PS1MD 0.0642 0.001 55427.1192189238 0.037261025743646314 7.746619778945375e-05 4.374577112262122e-07 0.12056478662272073 0.005617593611471249 0.21523913795858474 0.005233978123040302 2.1802781534375083e-09 1.518018055215524e-09 1.600176562199244e-05 5.867310524265054 EXP_FA 18.16671939908483 0.006131237735713253 -3.0557933591424755e-05 -2.1275952725904938e-05
80064 PS1MD 0.0655 0.001 55445.0704034953 0.21367603044200223 3.819609315472286e-05 5.843442148260742e-07 -0.38195063319174194 0.015452288342589571 -0.1124782074104987 0.012871999224561665 7.57375152154429e-09 -5.2457753970488065e-11 4.3841838134328734e-05 2.0633971912665614 EXP_FA 18.934452640372314 0.01661017181803536 -0.00021528631735902656 1.4911284899044977e-06
80646 PS1MD 0.3185 0.001 55462.1904412443 0.2934269345460052 2.450287436550448e-06 1.179018190610016e-07 0.014126501505649884 0.06698267394357968 0.1408373216414133 0.06605578034279778 7.063224811334871e-09 4.4235565839228495e-09 0.002151799670735381 0.995862157421792 EXP_FA 21.91645741685845 0.05224296205084674 -0.0031297548139121306 -0.0019601029109151
90037 PS1MD 0.1453 0.001 55468.732129263946 1.420260143073392 5.428253838421636e-06 8.190586158395304e-07 -0.21010212241056955 0.11021239986007213 0.09475445130083848 0.10197350547426526 7.906252105549165e-08 4.981028313163546e-08 0.008695161051973235 2.0129891371696043 EXP_FA 21.05284962966404 0.1638246146010433 -0.01581374860213963 -0.009962840606767711
90275 PS1MD 0.1396 0.001 55493.89579914856 2.4811015464365482e-09 1.4370490723300609e-05 2.149914848817868e-07 0.06021570476239357 0.017758846584163105 0.29493703981296077 0.02444079638580454 3.36781105625746e-09 3.883480000160602e-09 0.0003387056140356973 4.174933730414798 EXP_FA 19.995821003327833 0.016243289345184812 -0.00025444881910919226 -0.0002934092452244417
100101 PS1MD 0.4294 0.001 55517.32359823506 0.6759545931708999 1.354708013051519e-06 8.697667352833556e-08 0.35081862359262106 0.102355280238785 0.19206656206478862 0.09134217100541309 6.930654314500031e-09 3.799358785529243e-09 0.0041245975182897235 0.5102401217676291 EXP_FA 22.559885750876788 0.06970780604333124 -0.005554600872970295 -0.003045011433144967
100206 PS1MD 0.2166 0.001 55517.77761190563 0.2555137709568953 9.697436795114527e-06 4.0323735956804973e-07 0.11442854619323779 0.043661740186862155 -0.08195340535810273 0.045697511682794484 1.6524990358176164e-08 9.293737787969432e-09 0.0011855567845330164 0.38817486740554413 EXP_FA 20.422857605788558 0.04514691971126511 -0.0018501569738706384 -0.0010405375984518573
100358 PS1MD 0.3666 0.001 55518.06571048157 5.658463487634435e-05 2.6788886493089643e-06 2.6693944688533047e-07 0.14360762422700532 0.1051427991681727 0.2349801339787044 0.15015814741579467 2.4938395498228805e-08 2.884590960475133e-08 0.007232597362977523 0.946705915176261 EXP_FA 21.819613344754863 0.10818882749616165 -0.010107370042419912 -0.011691060180921566
110425 PS1MD 0.3806 0.001 55554.827400085764 0.39011467657473986 1.7476029169552802e-06 7.670093461738335e-08 0.07672082916154464 0.0650160186470653 0.08053643083143491 0.07228872740541319 4.156197574062308e-09 2.3841547862265165e-09 0.0011025540828814534 0.7587800262478948 EXP_FA 22.283393097682946 0.047652118707816424 -0.0025821278601143626 -0.0014812078556514262
110430 PS1MD 0.4206 0.001 55553.46090929813 0.6346882413090498 1.0072219855371067e-06 6.466247053077999e-08 -0.40823187198741806 0.14318609083833728 -0.11759299492411915 0.1495690462929804 8.100499181845238e-09 5.0389995087748224e-09 0.008906004160016322 0.681299131751591 EXP_FA 22.88168700765448 0.06970299134895822 -0.008731943270333796 -0.005431795851356244
110460 PS1MD 0.1996 0.001 55560.39577725382 6.431368456105702e-05 6.261968891077674e-06 4.888936101765793e-07 -0.06155402000298235 0.09702083154171091 -0.013854247881078193 0.048653550998674834 4.5651047478579804e-08 5.332827523562559e-09 0.000616391252956306 0.5787321518078592 EXP_FA 20.89772273562835 0.08476718777698498 -0.007915241339389083 -0.0009246363271322562
110484 PS1MD 0.5106 0.001 55544.90684718829 1.0883502727847372 9.169622046150028e-07 5.1741111313272785e-08 -0.11680048910843402 0.1502826879916533 -0.004375505668898645 0.11919017226749885 3.927131075516878e-09 2.074982024258102e-09 0.010563022546181657 0.8049973511406036 EXP_FA 22.983621411821197 0.06126446383995441 -0.004649949984917453 -0.0024568985467675105
110542 PS1MD 0.4267 0.001 55550.84780794687 0.8027614998682111 1.464339974873265e-06 6.159316955464892e-08 0.07549543696841651 0.07833696943498816 -0.06750662744671308 0.10464609455575324 3.78868654501544e-09 3.644667991350386e-09 0.003958605436417293 0.9757209268135395 EXP_FA 22.47539520424887 0.045668311525181346 -0.0028091250809152216 -0.002702342393455922
110716 PS1MD 0.3156 0.001 55565.21875641014 1.1479512732403236 1.7091851403174925e-06 1.380769124625132e-07 0.04276087370328271 0.11277223587779305 0.24591536521697527 0.14862150599862303 1.3914365468252484e-08 3.5214641509203754e-09 0.004771759905590533 2.2247539355064103 EXP_FA 22.307527229003718 0.0877114476164483 -0.008838908084768242 -0.002236961363765355
110721 PS1MD 0.5779 0.001 55565.495298514936 3.9183833169954596 7.879729568109956e-07 4.5221021401394906e-08 -0.006069714042517721 0.2618810126472598 0.04881014527443003 0.4809037018063034 3.247790861605286e-09 1.0647975809554493e-09 0.10761566345338039 1.025308469308706 EXP_FA 23.148221718044176 0.06230937207584068 -0.004475082670601435 -0.0014671687326187112
120044 PS1MD 0.4812 0.001 55570.03494597606 0.9006881953064294 1.0644143696481365e-06 7.566090423884091e-08 -0.1320604928019936 0.1855288476220395 -0.2638261241954627 0.18496480961041376 1.2605810372624065e-08 1.1620548684383562e-08 0.029442781519776546 0.30590025972537105 EXP_FA 22.821723177708687 0.07717650696880671 -0.012858323884144754 -0.011853325909119807
120086 PS1MD 0.3922 0.001 55561.8184119278 1.629329996128945 1.4657727353694676e-06 1.1292775025540583e-07 -0.09416249553414592 0.10156063593363795 -0.080796745793734 0.1314263069387806 9.985997947046865e-09 -9.141694169346095e-10 0.001762771394710109 1.059176243638435 EXP_FA 22.474333402044458 0.08364853842316339 -0.007396889879396089 0.0006771491987114567
120143 PS1MD 0.1735 0.001 55567.75997403586 0.15377492302650353 1.1661072716701012e-05 3.318628861243812e-07 -0.04678807627375006 0.032006777284901256 -0.045499019788340755 0.028501504131154945 1.0417428979042566e-08 7.419383330305577e-09 0.0007433229103620408 2.7599916645167144 EXP_FA 20.22265374111339 0.030899005540435433 -0.0009699433386470525 -0.00069080206378909
120369 PS1MD 0.3302 0.001 55583.90179907888 5.2632934966823086e-05 2.7191355361856134e-06 9.711138768028775e-08 0.15748199020883424 0.04481433033556186 0.0865257274837614 0.06669281739339061 3.8140874354631255e-09 2.469752074235721e-09 0.0012616946579079307 1.1855014780921083 EXP_FA 21.803422860811985 0.03877605514534147 -0.001522944612979646 -0.0009861587287906216
120444 PS1MD 0.2996 0.001 55579.339146579005 1.8954655190755147 4.068698763768385e-06 1.1209101831172985e-06 0.31259414323776796 0.24012231862890196 0.32923154907839874 0.7164011567006117 2.658480327439477e-07 7.696550530764068e-07 0.16728687411321305 0.13505380232696715 EXP_FA 21.365861157571263 0.2991159677216633 -0.07094180495350624 -0.20538319615633865
130755 PS1MD 0.2927 0.001 55596.971638480914 1.12956742123788 3.3367710254796513e-06 2.1887224988070167e-07 -0.006703781449866875 0.09189251408757262 0.07182426550597366 0.06967465375935192 1.9323508525489334e-08 -5.314881061990807e-09 -0.0021590625096726142 0.5488896806980444 EXP_FA 21.58118398574731 0.07121781030155831 -0.006287585407830105 0.0017293841108432827
140152 PS1MD 0.2085 0.001 55638.88259403892 0.14590290796695626 1.1663795777888189e-05 2.4175858770076325e-07 0.13408879043608943 0.021532779098509817 -0.0994968661506795 0.020570034598376516 5.0288943471409595e-09 3.7312850132168005e-09 0.0003363391235779798 2.3302561527204575 EXP_FA 20.222400232620274 0.022504342194976004 -0.00046811970704643265 -0.0003473304322423924
150254 PS1MD 0.2749 0.001 55677.98363223364 0.3602387490464025 2.933409299198656e-06 1.1428040445881582e-07 -0.16208688532293603 0.05498926787275652 -0.09261336367857967 0.046764010768185975 5.968378789702836e-09 2.43523016899258e-09 0.0011113973627030179 0.5013035093138062 EXP_FA 21.721068338984303 0.0422983497902029 -0.002209062655341379 -0.0009013462806287519
150457 PS1MD 0.3032 0.001 55685.33163561831 5.1252565754111856e-05 3.545289866898738e-06 1.2443689336882406e-07 0.035248872758448485 0.050679563915791474 0.03832487452188824 0.04846323252038261 5.571108746850802e-09 2.491890647128238e-09 0.0005322288997469611 2.6588061171989312 EXP_FA 21.515370626556226 0.03810848912513422 -0.0017061381986212005 -0.0007631353134608356
160070 PS1MD 0.359 0.001 55711.67094249271 0.7608815108142153 2.3524704627365567e-06 9.395822335048843e-08 0.06431993251373544 0.05522702897684811 -0.1515459097249016 0.054499093544478336 4.6576460611601876e-09 1.3250419313113246e-09 0.0008250651449483539 1.2857608178769466 EXP_FA 21.96068955200581 0.0433645592759989 -0.002149644400494657 -0.0006115468909963728
160126 PS1MD 0.36 0.001 55709.998529800716 1.5736175707170332 2.1755263209823744e-06 2.1686773977278494e-07 -0.08503094577749633 0.13671965469100217 -0.18437151416287545 0.3094345760764459 2.6887433107086107e-08 -3.940951716464973e-08 -0.015404283999162969 1.5581030576428512 EXP_FA 22.045589144880985 0.1082318124328889 -0.013418665311387086 0.01966804041165348
160198 PS1MD 0.349 0.001 55717.52904066837 0.5035774732532445 2.659537465477981e-06 1.4682793449896013e-07 0.1340934096765746 0.06020275187137865 -0.019022580090464068 0.06108454968679185 8.148863942934173e-09 5.7643504167807116e-09 0.0018143126985411444 0.9728108741946203 EXP_FA 21.827484718250645 0.0599414020011654 -0.0033267125300307098 -0.0023532527838582722
160214 PS1MD 0.6304 0.001 55718.703749336244 0.00041917842463590205 6.534962504112568e-07 1.360690567414434e-07 -0.4464423291033572 0.9328135355791016 0.06825734432502972 0.50731910762265 1.2171913058660558e-07 6.032450360253743e-08 0.42587378023106603 0.9984662321241089 EXP_FA 23.351392249858065 0.2260687818155055 -0.20222742947093103 -0.10022474888588725
170078 PS1MD 0.3207 0.001 55726.810501602806 0.8308716062965686 2.1154962288813655e-06 2.705363411915655e-07 0.19271628004010888 0.14184376534442747 0.544215932664541 0.24562104630622522 3.453015841204913e-08 -3.091707500619728e-08 -0.0071332420828403974 0.13535821653593436 EXP_FA 22.07596936128134 0.13884737600775598 -0.01772191442941951 0.015867571504583147
180313 PS1MD 0.51 0.001 55773.04044870577 0.687591165991762 1.13430454302389e-06 3.289379374061817e-08 -0.06639746358724932 0.0971093706110033 -0.2073117572318987 0.10098130637556374 2.198825664851567e-09 1.4060686190791219e-09 0.007596079117314618 0.6101295121564357 EXP_FA 22.752675821283844 0.03148535637601101 -0.002104676955552342 -0.0013458639617529218
190209 PS1MD 0.3669 0.001 55794.57225594909 0.8158566001802683 2.809148592474418e-06 1.2213082137557002e-07 0.1376067727519213 0.053426792302679556 -0.09072663590174107 0.07709586110266611 5.157381597266203e-09 1.6186794755354614e-09 0.0006532701236215867 1.557738232632468 EXP_FA 21.768063219471223 0.04720357436396879 -0.0019933284899581977 -0.0006256197750435504
190340 PS1MD 0.1384 0.001 55814.88374151713 3.515324351610616e-06 2.0194817243146708e-05 7.21812298577831e-08 0.05441272942896652 0.003961751329303492 -0.047334307036888845 0.008003105664220165 -1.0632822327099788e-11 5.7292895867341873e-11 2.718006628282682e-06 2.302981094098441 EXP_FA 19.626400181767547 0.003880687486149898 5.716536089580378e-07 -3.080244330496247e-06
300179 PS1MD 0.1792 0.001 55789.23816885858 0.17571709180265316 4.140725335186809e-08 7.514809138452548e-09 -355.7068208006764 64.89430386574841 -140.3281359375861 27.0230249600661 4.858490645944107e-07 1.9258040520137473e-07 1635.8681884196521 1.1803022620125136 EXP_FA 26.346808940991643 0.19704519602233125 -12.739408600600276 -5.049635059763997
310039 PS1MD 0.1717 0.001 55821.31685896574 3.392776125110686e-05 9.219776456211438e-06 3.2499292029146367e-07 -0.018429813217418167 0.04038619646429116 0.07620731096684305 0.03114720968304271 1.2808029538088492e-08 6.305455210238708e-09 0.0008438004881612312 13.423063388637585 EXP_FA 20.47769902193501 0.03827170664347212 -0.0015082948536941521 -0.0007425408893319428
310051 PS1MD 0.2708 0.001 55819.802881801246 0.3268931775710371 3.0117222441601643e-06 1.5860516576434043e-07 -0.14422898420541158 0.08420742058257455 0.012127785729673704 0.07745449378746726 1.2438642556376981e-08 4.1790042898022695e-09 0.0021540730847540526 1.1521454924951546 EXP_FA 21.692462708494773 0.05717770656504511 -0.004484173328961706 -0.0015065453881332638
310090 PS1MD 0.3473 0.001 55819.026352128814 0.5112903367516992 1.530441195297373e-06 1.0060501958934231e-07 -0.011657370201038535 0.10197618289489298 0.23973244608023456 0.12546781234935675 8.95694110919588e-09 1.7749086458889858e-09 0.0013194857167269007 0.5548197108531734 EXP_FA 22.427458382005057 0.0713719105864278 -0.0063542952685946286 -0.0012591679986799205
310146 PS1MD 0.4796 0.01 55836.3951984493 0.0001029989834933076 1.616994619778992e-06 9.916717659417222e-08 0.1346731585468819 0.14878233039657343 -0.005196573128248057 0.13222385878516965 1.3065365730616567e-08 1.1125227249431705e-08 0.01694143224674745 0.48750330397909614 EXP_FA 22.367728562794575 0.06658611762521005 -0.008772781571824532 -0.00747006938867901
310188 PS1MD 0.3192 0.01 55823.79158302568 0.00014359802298713475 2.6522656822271033e-06 8.496314827169344e-08 0.10931419406290581 0.04061925921647519 0.0838357240769759 0.04373290883044576 3.1032360014353454e-09 9.186530707876716e-10 0.0005113607842025206 1.7055018509857514 EXP_FA 21.83045743507064 0.034780665740602026 -0.0012703462180447976 -0.00037606145766244664
310260 PS1MD 0.5192 0.01 55827.016236169875 1.018097899544955 1.0756204825916928e-06 3.611846049337091e-08 0.1589222076371201 0.09475421115662255 -0.038874307494645995 0.10834516549993634 1.2360753049612931e-09 -3.852080810347066e-10 0.0054517445975813235 0.7620357070696467 EXP_FA 22.810352340703815 0.036458138211807455 -0.0012477000318646468 0.0003888307881020027
320099 PS1MD 0.3802 0.001 55845.401828189286 9.401397619512863e-05 2.24823585233277e-06 1.0680805173632218e-07 0.07174783504045311 0.059411462458387736 -0.03765103939050744 0.06378110960740237 5.623804681857655e-09 4.063439644435112e-09 0.0016989748217937784 1.115098519453689 EXP_FA 22.009895327070414 0.0515806064606072 -0.002715893150287403 -0.0019623490717110455
320469 PS1MD 0.3712 0.001 55880.18707925193 8.85582603948933 6.233498119567703e-06 3.221502197657285e-06 0.8499326019237174 0.21664308493617462 0.2767845531964629 0.08507355934689871 6.848082135349209e-07 1.463447976538836e-10 -3.776235137909174e-05 1.0233908246893715 EXP_FA 20.902670417995477 0.5611137603017297 -0.11927830192433965 -2.5489996490420578e-05
330023 PS1MD 0.1808 0.001 55876.90266611859 0.6325179294544796 1.1573302108808313e-05 9.808386902029298e-07 0.17283943217378375 0.06973193738903857 0.07945020457399404 0.056375241070136035 6.47866888733565e-08 3.1808723557963523e-08 0.0027793152429343325 4.1662937200398185 EXP_FA 20.23085677482745 0.09201626873373984 -0.0060778897012174135 -0.0029840993062592693
330083 PS1MD 0.2236 0.001 55887.78679579643 0.2667630539290258 7.760466049089942e-06 2.638965944322355e-07 0.1418949246523728 0.0350419789640169 0.09269976845747913 0.05365784070978274 8.292331324121504e-09 1.6592449442369815e-09 0.000917721998211015 3.7429781242613003 EXP_FA 20.664780491806084 0.03692073196055677 -0.0011601473781983028 -0.0002321384176058903
330106 PS1MD 0.5306 0.001 55886.26967587627 1.2566810813987104 1.3417981399096447e-06 8.276966281303055e-08 0.08736224209595933 0.12408227985376254 -0.02074193676061733 0.181388475634123 6.687671800842571e-09 -3.5457926087148375e-09 0.010211186653563738 1.2360774359024385 EXP_FA 22.5702820362695 0.0669743211730651 -0.005411430515326046 0.0028691315745188887
340229 PS1MD 0.1412 0.001 55919.12341658421 0.4736632988897327 1.118300092898567e-05 8.834467077816261e-07 -0.06751349659728116 0.08866359636654955 0.15939779564650944 0.13771805462741335 6.5657820459057e-08 5.345130254505781e-08 0.009915791507223121 0.5870480485378842 EXP_FA 20.268104097560347 0.08577215379878256 -0.006374592405973551 -0.005189484891683137
350027 PS1MD 0.3055 0.001 55941.47916260591 0.35861481997926603 2.497278905234597e-06 1.1060666963856657e-07 0.019311995103867954 0.05265678843599327 0.043786865297509685 0.06444279958657113 5.2455421721763895e-09 4.148790716975646e-09 0.0015555117079175229 1.497922595367407 EXP_FA 21.895832378362563 0.04808820731340465 -0.0022805923030781734 -0.0018037601959248284
350050 PS1MD 0.4045 0.001 55923.49910669151 0.5831093027591123 1.981330453536827e-06 9.176777005406118e-08 0.09220929008932244 0.08248226746419986 -0.03144930020775399 0.0728643394799631 4.732546146557368e-09 3.4261672676171036e-09 0.00043059034929624255 0.6636454102250983 EXP_FA 22.147107712997403 0.050287214936688605 -0.0025933567431084773 -0.0018774827991811227
350080 PS1MD 0.2856 0.001 55948.839851744226 0.7105127552349586 4.248640979245492e-06 1.981974901222962e-07 0.23767575811687372 0.05414328603492066 0.11954357933733133 0.07163536977946545 9.463650142730707e-09 -1.0471502379634072e-09 0.0005238030011368496 2.68754125093455 EXP_FA 21.318874915816004 0.05064918211945128 -0.002418426889756143 0.0002675982580622444
350192 PS1MD 0.3012 0.01 55952.15825386084 0.2941952739856788 3.25644858681601e-06 9.781906867949873e-08 0.04450501921544717 0.04151445467692843 0.040340368690433344 0.044173163635920866 3.6969754416668067e-09 8.038684391027507e-10 0.00038407446273694016 1.729148592663133 EXP_FA 21.607639435317225 0.03261396627326959 -0.0012326127614512579 -0.00026801868505764773
350235 PS1MD 0.2637 0.001 55932.537599819785 1.4348650861102215 4.034619015480918e-06 4.6749619297225107e-07 0.022506581913139125 0.07570296435013309 -0.004511291740517227 0.07614161640430304 3.1693282524463453e-08 2.2309757519579272e-08 0.004173313573175168 1.445773210046318 EXP_FA 21.374993672358592 0.12580556933603404 -0.00852882122262452 -0.006003667599205738
350374 PS1MD 0.5006 0.001 55955.3510651084 0.9264026669661689 9.564398810475785e-07 6.449553571959062e-08 0.05073414995785491 0.2132541998287464 0.2614395194128679 0.2254862174293819 1.0369102794280701e-08 5.88055027633648e-09 0.03478414239446893 0.39784769583525437 EXP_FA 22.93785580807983 0.07321436460735296 -0.011770849938083255 -0.006675512455551118
350630 PS1MD 0.3051 0.001 55961.64994599404 0.00010784246842376888 3.2201748717535227e-06 1.241462718647942e-07 -0.03767675437261658 0.052608972575384404 -0.09079710303455156 0.06163622335813527 6.148579242384174e-09 4.004888150708291e-09 0.0016524546010550651 3.989749865255077 EXP_FA 21.619801358201855 0.041858006914995166 -0.0020730970699257664 -0.0013503155059597788
360139 PS1MD 0.3857 0.001 55971.67463854607 0.4730810810542607 2.0627421736947057e-06 7.536606662029266e-08 0.08811215078756385 0.05012484595025597 -0.02146945991918425 0.06711866577073419 3.2678456086340623e-09 1.5675179944866474e-09 0.0008193149959042892 1.0984772402403586 EXP_FA 22.103387629944997 0.03966936255213044 -0.0017200493275893955 -0.0008250721102849264
360145 PS1MD 0.1985 0.001 55978.42778182656 0.19477848134556552 7.0281437879621034e-06 2.807760945402907e-07 -0.015922451994708774 0.04620215257719373 -0.06856249536495969 0.03557643447436096 1.2559530289324063e-08 5.693433807093629e-09 0.0010018444971559516 1.0163883830435354 EXP_FA 20.772398404766093 0.04337543175982454 -0.0019402472631866153 -0.0008795447845479961
370329 PS1MD 0.4774 0.001 56006.79889106785 1.7130073585321952 1.3750431529149351e-06 8.220621936331811e-08 0.39381298460277164 0.12874338698172416 0.17403403090084013 0.12648122606922182 7.844531791814227e-09 2.0660785291592535e-09 0.004171309799051204 0.6745101232804274 EXP_FA 22.543709180441102 0.06491015822291421 -0.0061940544612680715 -0.001631378808895025
370344 PS1MD 0.3312 0.001 56008.10993522022 0.4979670645225269 2.6892016006197747e-06 1.0019327684972892e-07 0.07931115662807266 0.047318192405795496 -0.003923861286521805 0.04754300678737052 4.278451910960161e-09 1.2042587635795044e-09 0.0005347219418728893 0.6565822628514372 EXP_FA 21.815441597310084 0.04045195723668844 -0.0017273789138662814 -0.00048620651542606184
370367 PS1MD 0.4712 0.001 56009.12809206009 1.6420817876642104 1.2638248115798927e-06 6.940071132378476e-08 -0.310905189862482 0.13182253188554233 -0.47767722270892105 0.1270214075638229 7.752196485904831e-09 4.165116197207353e-09 0.011575408613062643 1.6889045250608348 EXP_FA 22.635282806900598 0.05962128946179287 -0.0066598157545457795 -0.003578199613504465
370498 PS1MD 0.2607 0.01 56004.1331583322 0.4336064887174871 4.985523971962803e-06 1.5806304792427416e-07 0.0812738654215484 0.0338534463526147 -0.0628172089952533 0.036078123349160995 5.011256695213369e-09 1.898371308963372e-09 0.00042734773881423333 0.7070194525819847 EXP_FA 21.14522297794768 0.034422615302005855 -0.0010913402193887447 -0.00041342303673732944
370566 PS1MD 0.0713 0.001 56024.860033536366 0.059823754483659286 6.52898327158637e-05 5.925290755719639e-07 0.0037988581222475224 0.010433911421896404 0.032816439815201624 0.012468504051201592 5.169053196548394e-09 5.460481758451672e-09 7.900461972324938e-05 4.4468967583245 EXP_FA 18.352386110334084 0.009853452566191592 -8.595868554660438e-05 -9.080499204789374e-05
370595 PS1MD 0.1812 0.01 56025.76407521007 0.1446457463389379 1.0706620314163031e-05 3.3838129167885325e-07 0.11223705575641688 0.03370831558132549 0.07315207848382436 0.04627644528409484 1.1034386565699664e-08 1.0658333864170171e-08 0.001241263635084284 2.104878005568592 EXP_FA 20.31536899578382 0.034314546384217416 -0.0011189743018932667 -0.001080839575810978
380318 PS1MD 0.3379 0.001 56025.534905234774 0.7244140584480192 2.0752918910199288e-06 1.7459001249269765e-07 -0.20409770482781128 0.12737770758527972 -0.08221590860517473 0.1877971195040452 2.071479350831668e-08 1.3817952100443602e-08 0.011936755000698202 0.8621516975170622 EXP_FA 22.096802027206287 0.09134074024610336 -0.010837415875515566 -0.007229176259967949
390259 PS1MD 0.1221 0.001 56051.34406704525 0.33752774462482193 1.989296810198617e-05 5.05185928928538e-07 -0.02669557815618644 0.014116932651545695 0.028426475528149545 0.016191612464557744 5.5511834601758925e-09 1.4175406791750902e-09 0.0001311278408420036 2.352401894117355 EXP_FA 19.642751034377753 0.02757248945255773 -0.000302977455705351 -7.736780299487627e-05
390449 PS1MD 0.2501 0.01 56069.785562868536 0.2028284600164625 4.54767108516043e-06 1.7216965612483514e-07 -0.0014600411474112668 0.04437598303293364 0.005936081717073369 0.060567834686679416 7.366064753243619e-09 7.348886646210156e-09 0.0020315109466757467 0.34418826174366557 EXP_FA 21.245027384073254 0.04110473812089607 -0.0017586151327624478 -0.001754513936262925
390627 PS1MD 0.1604 0.01 56077.00369376708 1.956440246431157e-05 1.4030240863035229e-05 2.5525918789119427e-07 0.347896870201841 0.015575392689121892 0.6384943442284711 0.024466444303762564 3.3984894971280134e-09 5.512652482769505e-09 0.0003201984300776501 30.963564749511594 EXP_FA 20.02183718297985 0.019753341699272273 -0.0002629935668633908 -0.0004265989759706675
420196 PS1MD 0.2988 0.01 56164.5870323558 0.0021306612361513544 2.029736904198286e-06 2.1748691428822567e-07 -0.05305551812232028 0.17721728885157673 -0.19662793755444727 0.10222187424274624 3.604406036429952e-08 1.2334207216888607e-08 0.009122504251555322 1.7491870406445444 EXP_FA 22.120900629921245 0.11633695796506381 -0.019280499469198416 -0.0065977493460683155
420352 PS1MD 0.3892 0.01 56157.01915394838 6.703484624522389 2.703197327648459e-06 2.2182455850498556e-07 0.43878320161607537 0.059714212846397725 -0.2673818687142104 0.15761398269815372 3.110115116164492e-09 -1.9997027509813136e-08 0.0040535434101594894 0.22542345845356335 EXP_FA 21.8098056264294 0.08909558758807394 -0.0012491742826347084 0.008031783892682188
420414 PS1MD 0.2928 0.001 56177.241537481044 0.650745906670636 3.0321143597288785e-06 2.503843854686524e-07 0.01908356761261152 0.12094623502283777 0.13764970771827953 0.0674723470148261 2.6948196543425674e-08 5.921569341198614e-09 0.0018251122044174002 0.4708291944046875 EXP_FA 21.68513605702065 0.08965736781568465 -0.009649580843234206 -0.0021203890948558956
430003 PS1MD 0.3288 0.001 56175.96274005952 0.7509903088939609 2.473990631197153e-06 1.875815902110764e-07 -0.11462276691251336 0.12030818831340308 -0.33405579224833293 0.07462925342184709 2.0800884892221286e-08 8.98778503042304e-09 0.0041588471963388265 0.651566416211148 EXP_FA 21.90600487335484 0.08232210796195161 -0.009128682030441898 -0.0039443817955735
440005 PS1MD 0.3056 0.001 56218.85289996969 0.5821645485302724 1.7611334412234452e-06 1.5478702464439567e-07 -0.4150882831087814 0.15439179025212402 -0.2293797520917373 0.15925183334497714 2.278640538568291e-08 1.015813710775702e-08 0.011468535680373496 0.6899291937529282 EXP_FA 22.27501934064484 0.09542597553906011 -0.014047785775020473 -0.006262476750840092
440050 PS1MD 0.2858 0.001 56216.287371478305 0.8721961956180166 3.00524758390151e-06 3.264153680524573e-07 -0.1806848609920914 0.1479328501973247 -0.07134379107206927 0.23072749498474632 4.4610833482325956e-08 -4.0863142698372836e-09 0.006226054251130454 0.7423309777029184 EXP_FA 21.694799358326996 0.11792738301578073 -0.01611700722950647 0.0014763041057077582
440236 PS1MD 0.4292 0.01 56206.97283309285 1.9459569200444093 1.7277454278729436e-06 1.192378442087531e-07 0.21749876253892253 0.06593781597244323 0.12569869835455727 0.12895373491371928 4.9367795689739035e-09 -4.934373318333042e-09 0.00322727652586162 1.465310405192565 EXP_FA 22.295800619073837 0.07493050905892666 -0.0031023322223714617 0.003100820105252609
440285 PS1MD 0.1792 0.01 56194.5689105575 0.952865249455499 7.5859060847136025e-06 7.333861694250198e-07 0.14072440654162377 0.05474379012854146 0.26609621430401076 0.028356027531056763 3.74040579003735e-08 3.1776056167308946e-09 0.0004918538156468898 1.5985489850654209 EXP_FA 20.689481345667282 0.1049662238527022 -0.005353472533642378 -0.00045479622658125353
440643 PS1MD 0.1896 0.01 56235.685634979935 0.5274480821353791 1.0163358938168199e-05 4.872016725056874e-07 -0.010587465941233498 0.056062253547629115 -0.10733248575161185 0.058552726608294255 2.55534804346565e-08 1.662706793032596e-08 0.002603702291353938 6.7459945921537665 EXP_FA 20.371906840556626 0.05204701497568853 -0.002729839518044769 -0.0017762444228090447
450082 PS1MD 0.2488 0.01 56246.833873519936 0.4098241360516113 5.124392929315401e-06 3.243752429108736e-07 0.10318084687136422 0.05751825467178237 0.0208818446537633 0.06309925929535536 1.7268925426414815e-08 1.8111197291173626e-09 0.0008300111284729358 1.933449522338729 EXP_FA 21.11539394180958 0.06872734975898871 -0.003658871950561302 -0.0003837329198167402
450339 PS1MD 0.4096 0.001 56247.5955144122 0.0005150754841451999 1.4016152927426184e-06 1.470496627187722e-07 0.3018307559087188 0.14313810781808295 -0.19650894905621286 0.18690962757318763 1.567889272938506e-08 2.3996245755175858e-08 0.015335614022742059 3.4980471782650495 EXP_FA 22.52292793162595 0.1139093897861465 -0.012145373680606924 -0.01858826236383844
460064 PS1MD 0.2416 0.001 56272.76539193124 0.5187032091635047 7.925438450888742e-06 3.212946618306354e-07 0.12191856165847947 0.0492264153904393 0.005533120365116524 0.038669118144030276 1.4976668581279003e-08 6.3114609110379294e-09 0.0010484051016029666 3.110222477978983 EXP_FA 20.641941756045448 0.044015387780334404 -0.0020517112593984935 -0.0008646312325170066
470015 PS1MD 0.3376 0.001 56295.808490658936 0.8074762194446521 2.0624134808479496e-06 1.9083065141301202e-07 -0.20237095568005806 0.14143589032021592 -0.09086960810187347 0.229100585949444 2.5237841062498094e-08 1.412066279439643e-08 0.013794598553814366 0.8645114755762175 EXP_FA 22.103560653100782 0.10046081890984321 -0.013286199894416676 -0.007433676599492513
470043 PS1MD 0.0706 0.01 56313.10581738759 4.911271389573812e-10 5.300989663157889e-05 4.358817125045129e-07 -0.013692984130594847 0.008635307552824038 -0.06147216513855238 0.012552992146808604 3.2651174480046476e-09 4.848507830251004e-09 8.198774373088441e-05 58.479495470498776 EXP_FA 18.578607606599498 0.008927626468454563 -6.687536575904707e-05 -9.930599425505813e-05
470110 PS1MD 0.3456 0.001 56312.755855792864 8.451839312328957e-05 2.348048744163814e-06 2.863204587914129e-07 -0.024062290365682616 0.19887134043296364 -0.019958170043439853 0.21148058786912055 5.469702832877175e-08 4.369988761804761e-08 0.03187698210685861 0.20336703271041548 EXP_FA 21.962732229057615 0.13239439302334477 -0.025291870152541165 -0.02020679947497105
480184 PS1MD 0.3306 0.001 56334.34968175028 0.7168049036445154 1.2655518538147624e-06 1.20370721410372e-07 -0.20648170482062733 0.15959660620122354 0.3513925403048 0.165748501423885 1.7611033658082203e-08 3.602240836337284e-10 0.004342776654293632 0.8385279512065917 EXP_FA 22.633800139175705 0.10326787466997345 -0.015108773921951493 -0.0003090417261434516
490007 PS1MD 0.0547 0.001 56365.14679109655 8.003553375601768e-11 0.00011327567096506071 8.97958539604011e-07 0.015236517047032917 0.007716101426421429 0.06071315232301551 0.007988651698498292 6.060580857309898e-09 6.178764051440068e-09 4.293700690217422e-05 36.08774736851216 EXP_FA 17.754158391718544 0.008606844598788813 -5.809007355758719e-05 -5.922284789092716e-05
490037 PS1MD 0.4231 0.001 56370.244440181385 0.5279673882796487 1.7790064776684322e-06 1.9784967215479666e-07 -0.05705171863625187 0.1369135801068495 -0.09577261237976646 0.18479290162295145 2.3856615239649853e-08 3.377769894944705e-08 0.02001792036826091 0.7416558825530484 EXP_FA 22.264056176430806 0.12074860595197084 -0.014559806956194767 -0.020614692033555638
500038 PS1MD 0.1072 0.001 56390.33499907559 0.1119745989308285 3.508456712565634e-05 6.304671133839521e-07 0.08220809525317256 0.016555786574294896 -0.04087702343647211 0.019581134813616136 1.0059433824690882e-08 9.022566998953804e-09 0.0002760574307178128 4.982028686980421 EXP_FA 19.026709693598107 0.01951060044317135 -0.0003113018742320058 -0.00027921472183296294
500065 PS1MD 0.2854 0.001 56380.26709170319 3.6093409013192286 3.1679259509612745e-06 6.054839068815919e-07 0.05610834055110502 0.09667594723165059 0.16469406663990466 0.09067018948939747 4.437055538564481e-08 -1.4027210913499425e-08 0.0001391775714148742 0.9947923339296966 EXP_FA 21.637562446071858 0.20751615071692708 -0.01520702161387398 0.004807514751392261
500301 PS1MD 0.3254 0.001 56405.560335562324 0.5712960674682108 1.4768206872300139e-06 1.1303069227219853e-07 -0.39584944379669457 0.13216366266667193 -0.3384468348580503 0.13712722786042883 1.3998938862907718e-08 1.0148752723671033e-08 0.010862597049183922 1.8884685717282115 EXP_FA 22.466180581750656 0.08309845325838605 -0.010291807856621156 -0.0074612093130241594
500511 PS1MD 0.3347 0.001 56416.74607861433 0.00017231121091754176 2.853992969700899e-06 1.0727089681310449e-07 0.005938678990045341 0.046882213454435405 -0.14854919980190762 0.03442622469802234 4.786589167514535e-09 1.7495823738324679e-09 0.0007772183152178698 1.808193549684565 EXP_FA 21.750867752566275 0.04080875377876875 -0.001820948128340433 -0.0006655885093773237
510113 PS1MD 0.2907 0.01 56419.534784491145 0.7232998257713916 4.992531197840741e-06 3.3597867319573817e-07 -0.0010437719827836784 0.07932558033018633 -0.3627180760958455 0.08460443454022347 2.5928906037378154e-08 1.7511819695418156e-08 0.0045698655466851375 0.5553760133637689 EXP_FA 21.143698031462254 0.07306598498032042 -0.00563881344331484 -0.0038083320666549166
510266 PS1MD 0.4404 0.01 56430.083341760044 0.3826956520497333 1.9008416719377982e-06 9.128358973005701e-08 0.1406570893787573 0.07624217201359046 0.08835877150144926 0.07244252678177107 5.9961284755555225e-09 4.69146880005393e-09 0.0032720058979181293 1.097019423067509 EXP_FA 22.192135139013857 0.05214000709968309 -0.003424911117218414 -0.002679706366348229
510550 PS1MD 0.2411 0.001 56437.81036476874 0.19883651991040097 5.913611768985058e-06 2.461855125478639e-07 0.02306934969890343 0.04377239531368462 -0.050370324407307904 0.03475820080346844 1.0403758814774436e-08 6.073405883049654e-09 0.0010299986486854078 0.8954685841094765 EXP_FA 20.959867976208013 0.04519953870864735 -0.0019101249882541409 -0.001115074325305221
510597 PS1MD 0.4607 0.01 56438.83284460681 0.8246574762524688 1.3703139342213896e-06 1.2071868300756493e-07 -0.06445513328109675 0.16656585918268305 -0.2596242626421846 0.14583669392026977 1.90652083488524e-08 1.4327373841487176e-08 0.01940616544450086 1.5980751020411483 EXP_FA 22.54744981517224 0.0956486258066888 -0.015105872047756414 -0.011351959657073724
520022 PS1MD 0.1194 0.001 56442.56682892342 0.7240385397708451 1.0420680498753921e-05 4.003416650080747e-07 -0.4946481180570036 0.0592814604319966 -0.1860958392112569 0.05963412648401108 1.922763735097761e-08 -3.58388377549462e-09 0.0005927238097190699 0.6376033047728464 EXP_FA 20.344759798751532 0.041711809514205306 -0.0020033376905099817 0.0003734067433662379
520041 PS1MD 0.545 0.001 56456.60739767015 1.0069798343574803 8.555115515573959e-07 5.0028609103503266e-08 0.03650997397974656 0.18031314422877145 -0.026749025657711114 0.21597966189359313 5.128119023146263e-09 3.250790770936271e-09 0.028885426196079103 0.7486273403917107 EXP_FA 23.058935305039043 0.06349168760899132 -0.0065081347827543054 -0.004125603246003988
520071 PS1MD 0.4114 0.001 56461.41328021166 0.0002526088137528859 1.4659445627224593e-06 9.099667660474741e-08 0.11209732876089619 0.08673866481073286 0.07723748121928052 0.10866001853559655 6.910884047015256e-09 6.4296257410784585e-09 0.005388829435815727 0.6383425682116686 EXP_FA 22.474206132489208 0.06739571796559567 -0.005118472558604136 -0.0047620337273663734
530037 PS1MD 0.2688 0.01 56475.01939436052 0.7051135304463969 4.846014446109015e-06 2.2207054441066372e-07 0.07336478064590023 0.045661937884676186 0.017849630405716497 0.04573486076155248 9.285133964735479e-09 1.1681720915741447e-09 0.000631337443844127 0.899743384749018 EXP_FA 21.176038238880473 0.04975429453591475 -0.002080308720424297 -0.00026172574335358185
530086 PS1MD 0.0502 0.001 56460.619840999796 0.6803427744162036 0.00014649172644455417 8.306564708477753e-06 -0.11689801468322256 0.03881231108182042 -0.16383234037058125 0.021183464950711443 3.1872633205847114e-07 1.5197186127324354e-07 0.0006927116103467635 9.933482567081533 EXP_FA 17.474967256720774 0.06156482867702408 -0.0023622680032829137 -0.001126352701913797
530251 PS1MD 0.4118 0.001 56490.716733914545 0.000547641706361901 1.0015227597667627e-06 7.751831321618331e-08 -0.1532886668432802 0.12299583821317427 -0.0828168292826775 0.12500631269729967 8.88813729550799e-09 5.7169029221927675e-09 0.008466175890462906 1.607626488803401 EXP_FA 22.887847942114725 0.08403647183234385 -0.009635499903009083 -0.006197611009017658
550059 PS1MD 0.3188 0.001 56559.25689426233 1.1026566182481474 1.4376089324880718e-06 2.612117462972728e-07 -0.10625871615657011 0.22917915951272405 0.08004950829815764 0.18905438173139283 5.749221496189279e-08 2.1781351344560067e-08 0.017141309749064887 1.3579395865647763 EXP_FA 22.49539809357661 0.1972769114422552 -0.043420277841367656 -0.016450093769532315
550137 PS1MD 0.4198 0.001 56559.49723014056 0.00019246985539211892 1.6941008304673335e-06 1.9207821159973298e-07 -0.06340544979315035 0.16583163054387975 -0.03319840339179063 0.15571710199767883 2.9150038843864397e-08 2.5793986326508058e-08 0.020964729067627367 1.0684826633536657 EXP_FA 22.317151861618385 0.12310144988329506 -0.018682035905831323 -0.01653116763540006
550155 PS1MD 0.5142 0.001 56558.73953378878 0.0010603474256640766 5.518517096987273e-07 1.0769499922424915e-07 -0.6046717249801284 0.6131583461804344 -0.08405831151830725 0.5294232439753612 5.364671768635725e-08 4.0485669334911725e-08 0.2663923547068909 1.2283681162392215 EXP_FA 23.534944019044765 0.2118836594580829 -0.10554680294515117 -0.07965320429065441
550202 PS1MD 0.4208 0.001 56571.67382012593 0.978621307596768 1.9018510947672424e-06 1.7747929536448742e-07 0.15860096021594194 0.1292801623355845 -0.016036447268871514 0.17160897774990985 2.1629611077916722e-08 2.4120549728627856e-08 0.01845166577910399 1.0264933644486045 EXP_FA 22.191558722771568 0.10132007553186947 -0.012347997120671418 -0.013770033937512452
560027 PS1MD 0.4392 0.001 56567.98037566305 2.2519163691940776 1.798690297518618e-06 1.6920121892819022e-07 0.09597671053933113 0.13771084184068824 0.12608382287544592 0.1447464680504 1.9282957556425427e-08 -7.634693511786091e-10 0.004520500390674076 1.3332641205503124 EXP_FA 22.252109020009474 0.10213425264648214 -0.01163969427238695 0.00046084994005991993
560054 PS1MD 0.4804 0.001 56576.26256666581 1.144307674774609 1.2030891121233005e-06 1.8690946373436482e-07 -0.4814298250153196 0.4491096378130684 -0.5918197254813267 0.5025053619235254 8.20901107818901e-08 8.802814394905138e-08 0.21631436112044525 2.273857458925769 EXP_FA 22.68875550881143 0.16867775607259294 -0.07408279605423719 -0.07944161572077311
560150 PS1MD 0.1998 0.001 56591.597173697024 0.2951446320148534 5.886038115844319e-06 2.835443775474199e-07 0.15173494663877013 0.05813001458993293 0.665964609628444 0.18393876524236952 8.9778899534475e-09 -2.322643970938496e-08 0.0051426426589937495 0.3042784777876676 EXP_FA 20.964942324735063 0.052302480938773516 -0.0016560579413431114 0.0042843396532259445
570022 PS1MD 0.3018 0.001 56596.82839175999 0.8801455643115332 3.874204513660231e-06 2.6789060850453796e-07 0.14635657689608753 0.08149825683373604 -0.14342484160283178 0.11235851597730659 1.971493612586061e-08 -1.643908063215312e-08 -0.0028314993218892487 1.142514590480155 EXP_FA 21.419043643083473 0.07507567851477946 -0.005525061945198613 0.004607011569041842
570056 PS1MD 0.2902 0.001 56605.5974281281 0.4916037054499611 2.9216801645506154e-06 4.986866206643432e-07 -0.16265621240184322 0.2073142135972488 -0.042344326655532255 0.2658814509038066 9.920574292950666e-08 1.2571212365101182e-07 0.04933353712670284 0.7420694672252679 EXP_FA 21.72541831971523 0.1853187509889675 -0.036866207371148145 -0.04671634002961713
580104 PS1MD 0.3092 0.01 56638.39142222219 0.00013648080130224116 2.8149123945897376e-06 1.4303011439270313e-07 -0.02567699200399963 0.07670266388457612 0.15955268663094122 0.08262088172371751 9.460155578482139e-09 4.700153465970949e-09 0.0013565568312855047 1.566113796893926 EXP_FA 21.765837791674834 0.0551679597082054 -0.0036488643248521547 -0.0018128900905521174
580270 PS1MD 0.2956 0.001 56639.325155502076 0.42372050237099756 3.0510869767758827e-06 2.2224281986242062e-07 0.10633382737477437 0.0749808229842109 0.035163780043260894 0.08359621553832113 1.5696137324291895e-08 1.37857419684754e-08 0.00413272729249149 1.142733918053106 EXP_FA 21.678363529570305 0.07908561034439947 -0.005585505984443431 -0.004905687474187924
580276 PS1MD 0.3386 0.001 56651.18465072506 1.261774754810176 3.0634065072463237e-06 1.704241325945361e-07 0.17152720643155034 0.07799843058319858 -0.0566961051314876 0.10995349429791322 9.974172622523519e-09 -3.021363008669807e-09 -0.0001695514629060069 2.1058251314565744 EXP_FA 21.673988423638217 0.060401925270020806 -0.003535058211557934 0.0010708350976176824
580312 PS1MD 0.4032 0.001 56655.569064595285 2.144682858903252 2.1698998903845453e-06 1.381283986426764e-07 0.14194273239422053 0.1077601368232437 -0.09477034821774269 0.31196809028706324 9.659861685019338e-09 -1.8545664712641017e-08 0.004199115068733125 2.164787309892991 EXP_FA 22.0484007553055 0.06911424991363997 -0.004833431077100379 0.00927955234665283
590031 PS1MD 0.3782 0.001 56648.07472272563 0.6245884490999742 1.8344952119949533e-06 1.6399716172257584e-07 -0.02666930183873412 0.10925698989033573 -0.12887826855362683 0.1791477851851886 1.5664407332501673e-08 2.223253404073395e-08 0.01045166345622114 1.2956064544838524 EXP_FA 22.23070854352163 0.09706084529168263 -0.009270895915002568 -0.013158206668357772
520016 PS1MD 0.4507 0.01 56422.396292954516 0.8406434276766959 1.6492173985705856e-06 6.604542043797001e-08 0.2286110141764954 0.07164747133843229 -0.0926423660215491 0.0864210818145298 4.05964639817201e-09 2.6388047431604355e-09 0.0027395517043447564 1.7878653711801178 EXP_FA 22.346305230542356 0.04347995854890171 -0.0026726040343932507 -0.0017372153904148496
380199 PS1MD 0.4604 0.01 56038.15174289332 0.7345787898993876 1.4524745690948885e-06 8.59212776065658e-08 0.1334428323963567 0.11211129174841213 -0.17614343179566103 0.11637455109127441 8.878319339816894e-09 7.383362481752021e-09 0.010002438241999373 0.813568926104284 EXP_FA 22.48422865697996 0.06422683318624633 -0.006636613782952753 -0.005519121731877499
