SNNAME SURVEY Z ZERR T0 T0ERR X0 X0ERR X1 X1ERR X2/C X2/CERR COV_X0_X1 COV_X0_X2/C COV_X1_X2/C CHISQ/NDOF MODEL mB mBERR COV_mB_X1 COV_mB_X2/C
2001ah PS1_LOWZ_COMBINED(CFA3S) 0.0589134208858 0.0 52004.084531339846 0.784010877556284 0.00017136848103010423 5.469036492289085e-06 0.25490279927632786 0.031377821680299955 -0.2090112425284369 0.025597824613746347 1.6372969461343285e-07 -2.537018259207607e-08 -0.00021039569031243235 1.2846365080426607 EXP_FA 17.3046726318409 0.03465007619329106 -0.0010373392829721578 0.00016073740979651073
2001az PS1_LOWZ_COMBINED(CFA3S) 0.0405932441354 0.0 52031.19817269223 0.46311429524212144 0.00027617513386743746 6.114641135939461e-06 0.07431278991213162 0.014085985448370756 -0.09098798147251735 0.04104309885505638 2.1829155008230437e-08 -1.017173089019425e-07 0.00038121987657974057 0.7936976423187306 EXP_FA 16.786538567021196 0.024038685769514203 -8.581766062649666e-05 0.0003998845347836966
2001da PS1_LOWZ_COMBINED(CFA3S) 0.0164730455726 0.0 52102.75067986033 6.009964736422262 0.0011778856828375524 5.788578775251963e-05 -0.1830471261518322 0.03752741035489562 -0.34554252964063364 0.06766009735910536 1.2327106001305284e-06 -3.758525047929753e-07 0.0016730850126448573 0.790459404464449 EXP_FA 15.211742142552188 0.053357211501587655 -0.0011362720067422884 0.00034644845255245494
2001en PS1_LOWZ_COMBINED(CFA3S) 0.015444220975 0.0 52193.36960844586 0.2113346555888711 0.0013598003387793383 1.872768303659604e-05 -0.06335670892518852 0.01007782933302132 0.11704981518572799 0.008003723627735692 1.2840537046746836e-07 2.6146090884913945e-08 4.04644115276103e-05 12.13697487100671 EXP_FA 15.055812137405471 0.014953168435242298 -0.00010252561028706596 -2.0876415953926465e-05
2001fe PS1_LOWZ_COMBINED(CFA3S) 0.0144914556295 0.0 52229.48083619074 0.1684462960147357 0.0020935787142963395 1.8604057798984667e-05 -0.007691495548935642 0.009251569774214975 -0.07119947032768552 0.008378817332214203 1.3035797381337283e-07 5.341996634540102e-08 3.908763853889146e-05 7.004259681169561 EXP_FA 14.587276764694128 0.00964812021150086 -6.760403646712722e-05 -2.770375487776047e-05
2001gb PS1_LOWZ_COMBINED(CFA3S) 0.026762455 0.0 52232.12827587065 3.1033446038418333 0.0004470365701958342 3.546933417820888e-05 -0.018941305238553204 0.07095417453503558 -0.032554682984959026 0.22283577286885198 2.232546376390306e-06 4.222426758208652e-06 0.012463581803132815 3.3689587582886 EXP_FA 16.26364236899004 0.08614583871533378 -0.00542227770892806 -0.010255182481644217
2001G PS1_LOWZ_COMBINED(CFA3S) 0.0170709602535 0.0 51931.164439088636 0.7131511513871374 0.0016607090434518472 4.708556014739015e-05 0.07184768556823856 0.03294968225758169 0.012560555370151417 0.0399994968374356 1.409027393818476e-06 8.821318565963736e-07 0.0009197662361967016 3.346305447759138 EXP_FA 14.838766123404792 0.030783536450839068 -0.0009211921022510339 -0.0005767190212238764
2001ic PS1_LOWZ_COMBINED(CFA3S) 0.042963424 0.0 52242.675085837254 1.1927359315814101 0.00021158900219962352 2.730790966262267e-05 0.03014004830836838 0.0829647940969434 0.19246456017702485 0.07229178140164534 2.0907118130665083e-06 1.1117849272562291e-06 0.004485551644103805 2.2489109895446706 EXP_FA 17.075767273635414 0.14012631038829365 -0.010728163966765271 -0.0057049522181102244
2001V PS1_LOWZ_COMBINED(CFA3S) 0.0159647166729 0.0 51973.771842690796 0.04995045497707906 0.002411415523959244 1.9114653726081603e-05 -0.025973895238017373 0.008927954814341907 -0.08777282614786949 0.010598538847729825 1.5357068326707654e-07 1.557828564334644e-07 6.960083427974288e-05 5.307144728088263 EXP_FA 14.433819868899056 0.008606344027240509 -6.914496865258074e-05 -7.014099628617505e-05
2002bf PS1_LOWZ_COMBINED(CFA3S) 0.0247441995889 0.0 52338.67927715375 0.5846971471837605 0.0004928304697023915 3.4278509900597e-05 -0.006468431319890069 0.051098000150603354 0.32666976469239645 0.03484551238418059 1.667606913557284e-06 7.324628088117029e-07 0.0014039057164312047 3.541601301148637 EXP_FA 16.15775612338272 0.07551769123916559 -0.00367384184351968 -0.0016136611655645746
2002bz PS1_LOWZ_COMBINED(CFA3S) 0.0376183390617 0.0 52365.748456327914 0.9202394878411724 0.0002793167766658753 2.0816120832016436e-05 0.14520674901492936 0.03494293428352823 0.2299878173725764 0.030547480253690903 6.100655352124752e-07 8.802860970552971e-08 0.00044947754512638603 0.904892017711956 EXP_FA 16.774257445973056 0.08091463856815068 -0.0023713943958606942 -0.000342177257494799
2002ck PS1_LOWZ_COMBINED(CFA3S) 0.0303127449006 0.0 52395.659353239964 0.44096050136431586 0.0005004384245991959 1.5013654686849824e-05 0.046158478908925465 0.010776752162433444 -0.007140267219240444 0.010350229523728991 1.1352055604772078e-07 8.367771929982142e-08 6.667874145281711e-05 4.485144172842283 EXP_FA 16.141123379387334 0.03257317515597427 -0.00024629079548397836 -0.00018154467145117413
2002cr PS1_LOWZ_COMBINED(CFA3S) 0.0102454563603 0.0 52408.82443145605 0.03242669580504298 0.003092101865020139 2.721084806342068e-05 -0.08452130878189378 0.0111015442516852 0.04566505985503903 0.009198051995439532 2.4093223823418523e-07 2.2587843036391937e-07 6.950543470229161e-05 3.8434628110801943 EXP_FA 14.16386551821721 0.009554602077909242 -8.459904148163049e-05 -7.931316639157615e-05
2002de PS1_LOWZ_COMBINED(CFA3S) 0.0282677393407 0.0 52433.712957950935 0.10943628866152721 0.0003363615471893147 2.3888098780680997e-06 -0.21648857815107542 0.01566173889136397 -0.21708492223833226 0.05390547628092312 1.5650131354321783e-08 -2.1430772679111874e-08 0.0006535824207486271 5.022795275892401 EXP_FA 16.57248414632042 0.007710802238172072 -5.051681549985249e-05 6.917605769174647e-05
2002dp PS1_LOWZ_COMBINED(CFA3S) 0.0104468800128 0.0 52451.160369246616 0.14108668689004844 0.002143393733798168 3.1965639475105027e-05 -0.2854453938423187 0.031377139558988756 -0.11239038553768223 0.04322200528748366 9.217166809761208e-07 1.0265184235308079e-06 0.0010907495822246106 1.1477278681003407 EXP_FA 14.561745108198968 0.016192196300241348 -0.0004668956315795162 -0.0005199829595954146
2002eu PS1_LOWZ_COMBINED(CFA3S) 0.0367125719786 0.0 52518.41618439996 0.7571841992757982 0.0001668013259938061 1.316512929433869e-05 -0.11541659753681 0.053256095514633936 0.24670710500376503 0.03147209581337063 6.637204656560616e-07 1.8413096920032434e-07 0.0010202376055438163 5.990110425239204 EXP_FA 17.33400125310805 0.08569390818701371 -0.0043202614554063564 -0.0011985375924734546
2002G PS1_LOWZ_COMBINED(CFA3S) 0.0344943143427 0.0 52299.95689383685 0.3350994764587085 0.000132292633253576 4.87888262168529e-06 -0.4382227544546958 0.05984231649631235 0.022405567313291325 0.0764706048036883 2.6595100653707216e-07 3.2935313678274914e-07 0.0036967570571683015 1.2361059557126175 EXP_FA 17.5856608473241 0.04004137925787181 -0.002182681146996974 -0.002703027492621334
2002ha PS1_LOWZ_COMBINED(CFA3S) 0.0122384335846 0.0 52580.96254834529 0.06278479449611041 0.00196470439284595 1.1454709865330123e-05 0.06952373863696248 0.00551744261920725 0.21341175313883468 0.006689941782141661 5.160590212262168e-08 3.5192978781707896e-08 2.2357021050090056e-05 15.584165270499291 EXP_FA 14.656256959548774 0.006330109130449828 -2.85184868104115e-05 -1.9448366561259547e-05
2002he PS1_LOWZ_COMBINED(CFA3S) 0.0248394012451 0.0 52586.24321491586 0.054834133821714204 0.0004841520339756461 6.457904074289444e-06 0.06509683733158846 0.012120819686451886 0.3462720477233694 0.016962965436695294 6.786315854949928e-08 9.587054871630204e-08 0.00015840736410935937 4.63095631050123 EXP_FA 16.177045598220676 0.014482186933585786 -0.00015218667491984328 -0.0002149947091135284
2002kf PS1_LOWZ_COMBINED(CFA3S) 0.0194761697203 0.0 52638.56084621384 0.21128637951187557 0.0008700220764347103 1.144631406839105e-05 0.08470539872076836 0.007481770006219782 0.14986186510186517 0.006407592039369262 6.747032789910148e-08 -1.7011375151649715e-08 3.102085157330178e-06 8.066462746769794 EXP_FA 15.540674318016292 0.014284324423136758 -8.419898727989844e-05 2.1229192218382707e-05
2003ae PS1_LOWZ_COMBINED(CFA3S) 0.0337971225381 0.0 52666.01554907612 0.4775257043183956 0.00020208709381588512 1.1118821948334773e-05 -0.11620559224766555 0.04107269123057682 0.12358023909080978 0.03621329869142724 4.225825655445595e-07 2.652917728902738e-07 0.0011637300653255427 4.8294421638176 EXP_FA 17.125653553959424 0.05973715250992172 -0.00227037354166374 -0.001425310628267347
2003ch PS1_LOWZ_COMBINED(CFA3S) 0.029224387 0.0 52725.85124781723 0.19210905995350913 0.00032508419565740234 3.8567453766124795e-06 0.05758643483177905 0.009538404551779081 0.19853160216832605 0.016459316342372295 2.3743278124191725e-08 -2.0663868979107827e-08 2.511705221177368e-05 6.553535366592673 EXP_FA 16.609510359292763 0.012880995581632936 -7.929926161727156e-05 6.901446142475646e-05
2003cq PS1_LOWZ_COMBINED(CFA3S) 0.0337450504303 0.0 52739.58985465264 0.0948233201779658 0.00021797458587550199 4.740189254626333e-06 -0.11024252083117128 0.02701721908532533 0.09485173771690708 0.021803736892477592 1.242324570009209e-07 4.6090572409138025e-08 0.00028215690394637 5.154302466551955 EXP_FA 17.043485346922353 0.023610986897769734 -0.0006188045997664944 -0.00022957815454325168
2003fa PS1_LOWZ_COMBINED(CFA3S) 0.0401637516916 0.0 52807.15102805544 0.03460954752881662 0.00035444826409169506 2.6006016587750373e-06 0.046209219360388895 0.008933776321399524 -0.16577832123732214 0.014848374888197945 2.196126537951136e-08 3.374492070460172e-08 0.00011778532277712995 8.718266665663327 EXP_FA 16.51561786565358 0.007966091701201432 -6.727114600473353e-05 -0.0001033665159274136
2003hu PS1_LOWZ_COMBINED(CFA3S) 0.074723862 0.0 52896.6639988235 8.542238382633514 9.362186211496864e-05 3.339037594884808e-06 -0.031288645430431625 0.04220399131085467 -0.0726598926523473 0.048336619448508006 1.3159275706946276e-07 1.1134190819419522e-07 0.0012376650151900198 3.156988794785402 EXP_FA 17.961056812790375 0.03872294273919718 -0.0015260860808216459 -0.001291236235878773
2003ic PS1_LOWZ_COMBINED(CFA3S) 0.0549093857408 0.0 52908.85375968677 0.9617284616469988 0.00012141271491815612 4.65512350934818e-06 0.015351433104977545 0.051320900559208876 0.4439561774963918 0.10715061611592203 1.742157103176755e-07 -2.5983752504568332e-08 0.0032001086089801945 1.092050030929154 EXP_FA 17.67883957372775 0.041628557067742704 -0.0015579282965302408 0.00023236034915043153
2003it PS1_LOWZ_COMBINED(CFA3S) 0.0241878125817 0.0 52934.62257928551 0.28439348100801 0.0004253404808250787 6.771337114896972e-06 -0.0287097089707722 0.021179364594841783 0.22999586587659307 0.021217460491396133 1.2778817588284535e-07 2.936096808107408e-08 0.00012404524217992022 5.811550491809112 EXP_FA 16.317658205792352 0.017284707644108683 -0.0003261957310690666 -7.494764192331812e-05
2003iv PS1_LOWZ_COMBINED(CFA3S) 0.0335774756968 0.0 52933.994497783904 0.18632615754540893 0.00023638007228687544 2.6597778431250163e-06 0.11268108541612498 0.012037087067567164 0.35607284304655346 0.018726111027820968 2.2325504875928723e-08 -1.521034691098538e-08 2.4441244132014685e-05 3.043239464169379 EXP_FA 16.955472847190997 0.01221683821718105 -0.00010254506100616769 6.98638602163789e-05
2003U PS1_LOWZ_COMBINED(CFA3S) 0.0281753148884 0.0 52677.425563060235 0.06746547651709989 0.0003705452016426403 4.204834660793465e-06 0.025595877084823825 0.013265803961291988 0.3382641226517946 0.02286714342658359 4.8645191530883724e-08 2.3523963555468068e-08 0.00011132607522916812 4.9878615308582805 EXP_FA 16.46739701559104 0.01232060543762815 -0.0001425355001180408 -6.892767413627023e-05
2004as PS1_LOWZ_COMBINED(CFA3S) 0.0321264415979 0.0 53086.03940637469 0.12381127425396699 0.00026581007786376064 3.7055823022084134e-06 -0.05667305339481168 0.018690446810450685 -0.07788602988356542 0.0193774309020607 6.392181364333885e-08 3.9416813621497155e-08 0.0002085837429274699 2.3666364180084423 EXP_FA 16.828071393343546 0.01513593802594936 -0.00026109705058642227 -0.00016100315672379372
2004L PS1_LOWZ_COMBINED(CFA3S) 0.0334101244807 0.0 53031.27444987643 0.8018190894072177 0.0001717167709375187 6.273613860858046e-06 -0.28485529498565565 0.026249009612784997 0.044175743645021325 0.0410291189760698 1.256269931425948e-07 -1.5655364855349602e-07 -5.8926799538584385e-05 6.246924717096237 EXP_FA 17.30246821710744 0.03966700320660268 -0.0007943183068556915 0.0009898623372283112
2004ef PS1_LOWZ_COMBINED(CFA3K) 0.0297877304256 0.0 53264.63404302899 0.4480300237228221 0.00026221367620400237 4.023887394856598e-06 -0.11072037282639302 0.021977346353805362 0.197504042537214 0.03162089920300665 7.389828524374006e-08 5.838984128524005e-08 0.00038997305636757234 1.8128719665345965 EXP_FA 16.842861651704112 0.016661526933731286 -0.0003059872578738033 -0.00024177215159496102
2005hf PS1_LOWZ_COMBINED(CFA3K) 0.0420519895852 0.0 53662.9925260668 0.6298637069776305 0.00019974228565049605 1.1981076212118359e-05 0.09609549071789643 0.027080496988646546 0.3078853403183171 0.022774286264566193 2.97465987015121e-07 -7.750980241904931e-09 0.0001489972104311276 1.867636972957238 EXP_FA 17.13832496200135 0.06512535977597084 -0.0016169314911693383 4.213188931724938e-05
2005hj PS1_LOWZ_COMBINED(CFA3K) 0.0559228286147 0.0 53673.53649518072 0.49862389866029844 0.00015561111798673808 5.162245625548088e-06 0.14888460690984676 0.02587080390528617 -0.13051337621020812 0.026658202346362087 1.201064884027529e-07 4.591476411081871e-08 0.00033547265288319793 2.112628491000204 EXP_FA 17.40939844272644 0.03601822958427372 -0.0008380118629849113 -0.0003203583546793466
2005lz PS1_LOWZ_COMBINED(CFA3K) 0.0391672551632 0.0 53735.91562834693 0.11982814690782106 0.0001331898059165142 1.530218797170738e-06 -0.14795569749181528 0.01668485818209922 0.1543743215141348 0.02023720367593211 2.1425091724930714e-08 6.1724689031366684e-09 3.964967578147336e-05 2.9716624619155514 EXP_FA 17.578322534829226 0.012474032361989565 -0.00017465298951334254 -5.031671091314536e-05
2005mc PS1_LOWZ_COMBINED(CFA3K) 0.0260238852352 0.0 53734.012457948695 0.07161142523182207 0.0001746769613262533 1.3731074852114529e-06 -0.3714137080607507 0.01315206701878302 0.4315573647222184 0.016500834463460488 1.5666722528722728e-08 -1.2330962484493775e-10 3.425902673388484e-05 5.965096110232233 EXP_FA 17.28391092913801 0.0085347975966559 -9.737934373362363e-05 7.664532464543711e-07
2005ms PS1_LOWZ_COMBINED(CFA3K) 0.0258950144053 0.0 53743.937180268455 0.046453290931822266 0.0005641958856043989 4.2573474770116756e-06 0.03086646521922495 0.009035091738551942 -0.07338678327055619 0.012417988760502716 3.4256944593201666e-08 3.926860697242636e-08 8.025946305642155e-05 3.7473932250695907 EXP_FA 16.010925213148465 0.008192821695386031 -6.59239210321216e-05 -7.55683431734129e-05
2005na PS1_LOWZ_COMBINED(CFA3K) 0.0268325824291 0.0 53739.83257977152 0.5645412120247784 0.0006489844820305824 2.6028853880041512e-05 0.06833516818541993 0.0190856128498188 0.05225015713629823 0.009027466491232707 4.769938059409845e-07 4.0115211689585096e-08 4.732762919778048e-05 3.0622202158064984 EXP_FA 15.858914218896846 0.043545677606184205 -0.0007979997348089065 -6.711183225312719e-05
2006ac PS1_LOWZ_COMBINED(CFA3K) 0.0239493455738 0.0 53781.69696802763 0.05676269004106871 0.0005245454950672454 3.3260021896473604e-06 -0.09255297171861641 0.008021607166864463 0.11194957595595852 0.009795321245100677 2.4019307490179406e-08 2.2036309505714684e-08 5.445429547728856e-05 8.706751693050151 EXP_FA 16.09004209613176 0.006884361849189101 -4.97166251555791e-05 -4.561209518450436e-05
2006ah PS1_LOWZ_COMBINED(CFA3K) 0.050973455 0.0 53773.97304554971 1.299533468674781 0.00010952054684997029 1.4030011027318318e-05 0.13275455905268263 0.06401930100449119 0.14059893681552826 0.04805003850509326 8.196475126185126e-07 4.652316012179583e-07 0.0021934501468598685 1.7753395183460203 EXP_FA 17.79076099095316 0.13908706049817746 -0.008125607524667929 -0.0046120915898263766
2006ak PS1_LOWZ_COMBINED(CFA3K) 0.0388988517225 0.0 53781.00114609521 0.7674259668347077 0.00021106211412013474 1.3479200051529576e-05 -0.020530878571489372 0.03278134743947264 0.18134421506053425 0.016952497876392116 4.21729796731287e-07 -2.7149824131747516e-08 8.862172946946355e-06 1.3907315705338812 EXP_FA 17.078474290075263 0.0693390927506453 -0.002169443392743709 0.00013966290035300158
2006al PS1_LOWZ_COMBINED(CFA3K) 0.069045935 0.0 53785.967447868556 0.9239837552377139 7.979210093771978e-05 4.84578680530974e-06 0.21288525636384845 0.02759563387337111 0.2408216964155953 0.028028472230553728 8.210175391580671e-08 -2.8366990758768943e-08 0.00010571703861061035 0.9319996085492789 EXP_FA 18.13460024934742 0.06593693001229013 -0.001117163800087318 0.0003859914518465225
2006ax PS1_LOWZ_COMBINED(CFA3K) 0.0177266895771 0.0 53827.41675472832 0.025382805390108842 0.0015296537119773134 7.031779628701867e-06 0.07110699832769539 0.004925253723084984 -0.0026306157749887062 0.005394720509246298 2.9317651900945853e-08 2.9523481424956767e-08 1.755440716399634e-05 4.293732740168434 EXP_FA 14.928017187660446 0.004991102016739019 -2.0809439324803868e-05 -2.0955535506231693e-05
2006bb PS1_LOWZ_COMBINED(CFA3K) 0.0252423547208 0.0 53812.51774154775 0.3465438432031078 0.0004903937216820703 1.5977059647428435e-05 0.062130367962184775 0.014497269717253902 0.3376925325069709 0.011688246394400532 2.114870062173469e-07 -1.1447183877428076e-08 1.5428070895798792e-05 5.413387871385615 EXP_FA 16.163137746388696 0.03537335683110447 -0.00046823417456993196 2.5344170263062367e-05
2006bq PS1_LOWZ_COMBINED(CFA3K) 0.0214557219297 0.0 53846.996961318466 0.15538528213801328 0.0005370078157187779 6.918794724448897e-06 -0.06608799383098989 0.007416639110131503 0.17841059184194574 0.007346078919769892 4.409498721692489e-08 -7.154657376206442e-09 1.008986079065822e-05 12.477645051495264 EXP_FA 16.064548483615 0.013988597010583578 -8.915237854719397e-05 1.4465470182383992e-05
2006bw PS1_LOWZ_COMBINED(CFA3K) 0.0307938195765 0.0 53845.387000631265 0.6516600095492322 0.0003825123546040261 3.7188194906036313e-06 0.10458850656685102 0.007924338733773595 0.29445527095952767 0.008918719988546667 2.5600784863966872e-08 2.6212811682140157e-08 4.682282813408548e-05 5.35743519204505 EXP_FA 16.43288633297719 0.010555624965599605 -7.266614702107245e-05 -7.440334496193776e-05
2006cj PS1_LOWZ_COMBINED(CFA3K) 0.06839191 0.0 53878.189209911565 0.7078294130151335 9.55151859585953e-05 4.074055049572688e-06 0.13452779137773616 0.02194815791258658 -0.11531417031345499 0.08375768130256477 5.889914931416922e-08 -2.717824666233461e-07 -0.00024491661135674694 0.8888005927547763 EXP_FA 17.93931893612679 0.046310427217471084 -0.000669515932969754 0.003089394224279166
2006cp PS1_LOWZ_COMBINED(CFA3K) 0.0233412664384 0.0 53897.44600448565 0.06371953728739754 0.0006372429938189129 7.2522704545217975e-06 -0.14098945088226275 0.01597675901777217 -0.11948097310726014 0.013595931272581388 9.817434786352116e-08 5.475420411846842e-08 0.00010111103204303535 2.004928989034943 EXP_FA 15.878737326729954 0.01235643651722847 -0.00016726969913808773 -9.329034975790025e-05
2006cq PS1_LOWZ_COMBINED(CFA3K) 0.0492143444717 0.0 53889.9680523539 0.3075761547552247 0.00015531235626185162 4.3980687653959265e-06 0.03567300409204176 0.030258095580724797 -0.036984308280306515 0.07063645704204059 1.0082454167343744e-07 -8.540507561768635e-08 0.0007765389778851662 0.7077780166159063 EXP_FA 17.411484978790796 0.030745412693086116 -0.0007048303036394277 0.0005970380264651479
2006en PS1_LOWZ_COMBINED(CFA3K) 0.0308004785329 0.0 53972.25712002137 0.3627685274441319 0.0003118950836887485 8.048936684907025e-06 -0.06611024345055204 0.01489186336708873 0.01608144213378417 0.01327641539848311 1.0368505283491943e-07 1.3476978491633836e-08 7.288350732163925e-05 4.863076457480521 EXP_FA 16.654478677115442 0.02801910778859991 -0.0003609374486565293 -4.69146332993043e-05
2006ev PS1_LOWZ_COMBINED(CFA3K) 0.027618188411 0.0 53986.159338409925 0.5946944010938751 0.00032480864017341737 1.6386811795077075e-05 0.040341381301069026 0.024448114118193115 0.17826009919644695 0.016789765189982916 3.672307330108539e-07 7.2536264629117335e-09 3.792297197301013e-05 2.0812152333549196 EXP_FA 16.61043106672887 0.05477611321230127 -0.0012275403207158333 -2.424666062568449e-05
2006gr PS1_LOWZ_COMBINED(CFA3K) 0.0334425754845 0.0 54012.66216608072 1.0612959158606827e-05 0.00026425301915493924 1.470296411675979e-06 -0.1430405315809666 0.00841686446772829 -0.139291987301213 0.01197003288384466 1.09181293919765e-08 9.385618347454711e-09 5.871442756552225e-05 4.660486138723813 EXP_FA 16.83445010518058 0.006041005892714456 -4.485931100053878e-05 -3.856268388706232e-05
2006gt PS1_LOWZ_COMBINED(CFA3K) 0.0436230711639 0.0 54001.469871007546 1.090424162299314 8.570960847474744e-05 9.402859553912824e-06 -0.07669426442796531 0.05297352728610669 0.5402578557588187 0.044435102521605645 4.753181082145763e-07 -3.206189528309788e-07 -0.0015708471006523955 4.243972678717104 EXP_FA 18.056926221923284 0.11911179187041682 -0.006021146147432903 0.004061477017746446
2006hb PS1_LOWZ_COMBINED(CFA3K) 0.0149638876319 0.0 53998.49719925245 0.30452055390924215 0.001466355967895602 4.278940537259728e-05 0.14149105707273568 0.011326808808192102 0.3632280352465294 0.005944893545306947 4.432544669534618e-07 -1.4924955858005677e-07 -2.8648673108929462e-05 5.183502596864556 EXP_FA 14.973901472383893 0.03168262523579028 -0.00032819958675027726 0.00011050908022496888
2006is PS1_LOWZ_COMBINED(CFA3K) 0.0315313190222 0.0 54008.11041470141 0.4487089922586165 0.0004701025327136308 1.4715892886867337e-05 -0.034544298883916205 0.014326001416562853 -0.29067767711178444 0.019307346223617624 1.485135748657321e-07 1.2311750869861874e-07 0.00021326133470638933 1.4119555567985314 EXP_FA 16.20901852252612 0.033987431636211686 -0.0003430029704349791 -0.0002843488969567902
2006je PS1_LOWZ_COMBINED(CFA3K) 0.0371210686862 0.0 54011.740120052884 1.0411933924769983 0.0001522107034341001 9.135625167618887e-06 0.0452475349665686 0.026454913910648553 0.500926317557051 0.05069218256636075 1.1586089661583016e-07 -2.4933342932398774e-07 0.0005238162521738417 1.849481436069706 EXP_FA 17.433387017420117 0.06516545008858578 -0.0008264489114985817 0.0017785236199947024
2006mo PS1_LOWZ_COMBINED(CFA3K) 0.0359698496759 0.0 54046.9117011759 0.2326248530225712 0.00016685488657716409 3.4591950313580456e-06 -0.02967958726082794 0.012606073007442643 0.3577518150402507 0.01234335166719508 3.588721870361804e-08 -1.1705659727169055e-08 -7.751358955743163e-06 4.903887280605172 EXP_FA 17.33365267476418 0.022509219609387707 -0.0002335205964529652 7.616953166360555e-05
2006mp PS1_LOWZ_COMBINED(CFA3K) 0.0227990057319 0.0 54054.13803029874 0.0822816595355107 0.0006536010628103438 3.4891565545614055e-06 -0.057457274649175015 0.009163004201965258 -0.21376558846230484 0.021418645521743503 2.2704359981890636e-08 9.782123896513426e-09 0.00011430465750340153 3.6131758187894 EXP_FA 15.851218125689208 0.005796048707551916 -3.771558377247206e-05 -1.624967687201596e-05
2006N PS1_LOWZ_COMBINED(CFA3K) 0.0140832765028 0.0 53759.651334586495 0.10498254379126593 0.0014729852548428849 1.1620787518790968e-05 0.06580295789447595 0.004697108532212369 0.2758967301916828 0.0039194592334854984 4.298899381244149e-08 -5.158185014907102e-09 1.7492631263934265e-06 6.714054001726081 EXP_FA 14.969004001482055 0.008565672803220658 -3.168715154128917e-05 3.802093879156217e-06
2006oa PS1_LOWZ_COMBINED(CFA3K) 0.0588447116315 0.0 54066.99101792077 0.14847983873187331 0.00012819174370181158 2.661022139262923e-06 0.08250802504806298 0.023644157005770196 -0.1721863318633907 0.039771443593830405 5.8708104036927935e-08 1.515815050570221e-08 0.00033998580509442755 1.9115228978092025 EXP_FA 17.619849862554133 0.02253786394372804 -0.0004972357206862675 -0.00012838387501379358
2006ob PS1_LOWZ_COMBINED(CFA3K) 0.058239351958 0.0 54063.298015001026 0.13172749330260558 7.04952403069509e-05 1.8895193000239958e-06 -0.07775139700959549 0.03601155828843823 0.40420879765505296 0.02934533569961873 6.561248717940933e-08 -4.2736538967317803e-10 4.792218318863707e-05 2.0952265725737327 EXP_FA 18.269100511713297 0.029101532311863174 -0.0010105342219521338 6.582090850507875e-06
2006on PS1_LOWZ_COMBINED(CFA3K) 0.068843085 0.0 54064.08109338201 0.5100005111489736 7.046084993396361e-05 3.4375726428463528e-06 -0.096361948405441 0.06732553091588812 -0.19771161611246066 0.09127262597000027 2.1997715468419715e-07 8.684092722006569e-08 0.002684865102039891 1.0040556728854368 EXP_FA 18.26963030611558 0.05296979923350778 -0.00338964348690304 -0.0013381379706029217
2006or PS1_LOWZ_COMBINED(CFA3K) 0.02166968 0.0 54055.55064819368 1.044834180829639 0.0002945981687357398 5.188269271599874e-05 -0.36364004821351825 0.21007479130503018 -0.12356050017671932 0.19762648110146802 1.0750576361654862e-05 8.75575171138456e-06 0.03804707371070023 0.8608638619881424 EXP_FA 16.716424892803694 0.1912127224817566 -0.03962105408854689 -0.03226916404035975
2006qo PS1_LOWZ_COMBINED(CFA3K) 0.0288509558886 0.0 54081.74548738574 9.121649782173336e-07 0.00030471927147710865 2.216674995427867e-06 -0.26345946107972956 0.010519876767508061 -0.13062791118147396 0.01075579758644343 2.0239083955237687e-08 1.7678824058381133e-08 7.331546323797607e-05 22.869004855552216 EXP_FA 16.679750196642992 0.00789816897714294 -7.21132801835006e-05 -6.299089402744057e-05
2006sr PS1_LOWZ_COMBINED(CFA3K) 0.0229789093137 0.0 54092.57714733664 0.09464492181723472 0.0005382588614559555 3.9431558278622505e-06 0.004255697834255215 0.009302708878468395 0.18325993432093 0.013117556343329223 2.7649257023159205e-08 9.242771252267743e-09 5.7453900865973765e-05 2.595039431356916 EXP_FA 16.062022028936553 0.007953844051415368 -5.57720486078117e-05 -1.864383867966451e-05
2006td PS1_LOWZ_COMBINED(CFA3K) 0.015038295649 0.0 54098.85568684997 0.1730792768212268 0.0007563382019235569 7.631986897028324e-06 -0.20390014428941766 0.010777893321901922 0.11186013868129764 0.01193643080269367 6.720257216515276e-08 -6.550709994021675e-09 4.339863823526946e-05 1.5601407075604727 EXP_FA 15.692709908121202 0.010955845503068752 -9.647042218284218e-05 9.403654329890754e-06
2006te PS1_LOWZ_COMBINED(CFA3K) 0.0320968218148 0.0 54097.09339154993 0.33612331432595965 0.00038670411305025154 8.657627870025698e-06 0.06893845162031752 0.013677653645498845 0.0500391676501783 0.013784918748756089 9.791555179643708e-08 -7.190645013726686e-09 4.8733958013286894e-05 1.3863781438312812 EXP_FA 16.421053021682294 0.024307732213307 -0.00027491421995929683 2.0188933511426228e-05
2007ae PS1_LOWZ_COMBINED(CFA3K) 0.0641554668546 0.0 54154.31720067574 0.5818400475145609 0.00013310632191134773 4.108679619567401e-06 0.060658285414005184 0.02685220399248782 -0.1547521334648733 0.03054424169018785 7.924293052146796e-08 -6.255056063150027e-09 0.0003908702699830719 1.192399585646604 EXP_FA 17.57900329283075 0.033514127298080475 -0.000646377402687106 5.102192542798266e-05
2007ap PS1_LOWZ_COMBINED(CFA3K) 0.0166797731072 0.0 54164.78099966442 0.20192769894492812 0.0014577327367250633 2.697381404457308e-05 0.16082480227147733 0.006920553981390565 0.3035938450082714 0.004664727843244894 1.6003193246520474e-07 3.014917112376386e-08 1.1356712048745503e-05 8.27970520256656 EXP_FA 14.980305232578027 0.020090408722247075 -0.00011919363448284239 -2.245545140603685e-05
2007ar PS1_LOWZ_COMBINED(CFA3K) 0.0533468127251 0.0 54170.56599573008 8.543859205892659 7.146704281496238e-05 3.7522994642311225e-06 -0.08236121089332676 0.06228035185241404 0.1268527985849198 0.03377205650573348 2.2639590856572907e-07 7.412659480715525e-08 0.0011070819670639634 4.7675897062277866 EXP_FA 18.254235469740586 0.05700540023683932 -0.003439434805989497 -0.001126140449464836
2007bd PS1_LOWZ_COMBINED(CFA3K) 0.0318515859544 0.0 54206.69039659857 0.0280531278840499 0.0003536435185042521 1.4879978314126989e-06 0.03759920378999489 0.005686852661889149 0.25624426082916474 0.006133681404581094 6.942060738691298e-09 1.0196515571280008e-09 4.713710612404352e-06 5.063972800354619 EXP_FA 16.518085742890868 0.004568366260463291 -2.1313119809197015e-05 -3.1304761826097533e-06
2007co PS1_LOWZ_COMBINED(CFA3K) 0.0265620201826 0.0 54264.980580738644 0.044601035049709026 0.0004008632540539542 1.6737099073365372e-06 -0.13626898215875666 0.005848397486888421 -0.041783394361898825 0.008695331494738496 8.398875456463097e-09 5.095461428633006e-09 2.6516263310141077e-05 2.3314401740491992 EXP_FA 16.38200938103131 0.004533235272328218 -2.2748313970202613e-05 -1.3801032888564072e-05
2007cq PS1_LOWZ_COMBINED(CFA3K) 0.0251003727317 0.0 54280.93531824251 0.05118304740608437 0.0007301678897916119 4.288630713402909e-06 0.02573498288653477 0.008019609068173048 0.07687059160809198 0.016795725597151843 2.9408794883115733e-08 2.4728496514078474e-08 7.588120949764485e-05 9.787847314123766 EXP_FA 15.730943174264631 0.006377056153082994 -4.372993360748468e-05 -3.677048022781819e-05
2007F PS1_LOWZ_COMBINED(CFA3K) 0.0241917762905 0.0 54123.742554758515 0.030166335454850923 0.0007183159322303316 2.95153272476706e-06 0.03398472828712706 0.00480197506986783 -0.05799801575986469 0.005048233446185502 1.2036195238659573e-08 1.0063543323299764e-08 1.309569373769131e-05 2.665524997242206 EXP_FA 15.748711252046427 0.004461248588567352 -1.819273713945656e-05 -1.5211069174440794e-05
2007O PS1_LOWZ_COMBINED(CFA3K) 0.0365868210793 0.0 54123.951436152136 0.44274399732239544 0.00032419612443466945 9.901562832583154e-06 0.0479339394168707 0.015627861518442657 0.053224248279071566 0.010581848761442079 1.4261264290369856e-07 -1.4774575027750153e-08 8.62447583081422e-06 4.351999273314077 EXP_FA 16.612480452949924 0.03316043728088853 -0.000477611229704847 4.948020598801531e-05
2008af PS1_LOWZ_COMBINED(CFA3K) 0.0341075770557 0.0 54500.000732162625 0.4745728573325323 0.000327101484229567 1.4815534265702037e-05 0.04183182911081602 0.021012864301709677 0.181323612381274 0.015708381870299073 2.9689852841060285e-07 5.660181965955717e-08 0.00013497416236280167 3.2718842450488306 EXP_FA 16.60279371312649 0.04917667060727249 -0.0009854846186163036 -0.00018787638645027205
2008bf PS1_LOWZ_COMBINED(CFA3K) 0.0245305094868 0.0 54554.89214735813 0.06865482752618846 0.0008267989544646967 5.404817455760233e-06 0.013887462081222551 0.00767197718688337 -0.03273871819263876 0.008355359616258985 3.553244481232167e-08 2.6556674972228125e-08 3.528689459690677e-05 6.1222156611646525 EXP_FA 15.596000203087502 0.007097500498929538 -4.666051108069596e-05 -3.4873705801926395e-05
2008L PS1_LOWZ_COMBINED(CFA3K) 0.0173041541129 0.0 54492.26686490046 0.23796257107096608 0.0013562556697027989 2.389595162216981e-05 0.07585263374592204 0.010478135261686138 0.264660723701403 0.00960778016129954 2.0404209591058344e-07 -4.568015008228977e-08 -8.239480907490818e-06 11.462437158636362 EXP_FA 15.058646083188087 0.019129652618539005 -0.00016334375278475119 3.656876346477898e-05
2007A PS1_LOWZ_COMBINED(CFA4p1) 0.0159502848983 0.0 54113.01574340066 0.1076259243345703 0.0008953625796206974 1.4990896016009209e-05 -0.13607197210230504 0.024211812970519036 -0.12697114362897005 0.03203377363754727 3.3546137587846705e-07 3.323986194176704e-07 0.0005702947977510488 2.6534456093986485 EXP_FA 15.509502650701851 0.01817828767563714 -0.0004067877856181155 -0.0004030738202910717
2007aj PS1_LOWZ_COMBINED(CFA4p1) 0.0315553285182 0.0 54159.3776195645 0.4679703526526282 0.0004155340579843835 1.754089704558641e-05 0.09695795491719877 0.019065861063859504 0.093934706703575 0.01137398256400998 3.1671019122528243e-07 9.674359143567426e-08 0.00011409215754010629 1.6364093191317453 EXP_FA 16.342983436989037 0.0458320722944058 -0.0008275223520717588 -0.0002527783650503747
2007cb PS1_LOWZ_COMBINED(CFA4p1) 0.0375284217298 0.0 54214.12508022393 0.5348805202665972 0.00041434188253752216 2.512905190219498e-05 0.13496040189248795 0.03493123964274796 -0.030566014023008792 0.039974007297852776 8.563094014116962e-07 8.65646787485026e-07 0.001233332152154729 0.5316830711511797 EXP_FA 16.34610291273789 0.0658478483381136 -0.00224386227598714 -0.002268329843821537
2007cc PS1_LOWZ_COMBINED(CFA4p1) 0.0300236251205 0.0 54215.85884311427 0.44070191795253777 0.0005975130206093081 3.2665722011313326e-05 -0.08121993840234616 0.0464421473407233 -0.20618973435004093 0.07033977777526473 1.4500493204284905e-06 1.905758500452397e-06 0.00298120486427357 4.444862334690617 EXP_FA 15.948631566045124 0.05935662624737608 -0.0026348732020411614 -0.0034629387646761788
2007fb PS1_LOWZ_COMBINED(CFA4p1) 0.0168142337352 0.0 54287.434415501695 0.30215212427356164 0.001002496668174473 2.4726820174508523e-05 0.1452648841372014 0.010601542226095523 0.27953899096491797 0.015803703426366944 2.03376302913879e-07 -1.0099416053901479e-07 1.7323865842008412e-05 3.7669443594536385 EXP_FA 15.386792655237892 0.02677994325995631 -0.00022026309141311257 0.0001093799311732768
2007hu PS1_LOWZ_COMBINED(CFA4p1) 0.035403238 0.0 54353.350834395605 1.769292677010526 0.00012512675853117416 1.6144436465704267e-05 -0.30945019662596684 0.09275349279165307 0.11776656448581378 0.06184110981893146 1.3185404012257278e-06 3.766709738475678e-08 0.0016321535236647736 2.199927381265016 EXP_FA 17.646124514740233 0.14008673589882387 -0.011441094357850057 -0.0003268408119802105
2007is PS1_LOWZ_COMBINED(CFA4p1) 0.0296811852604 0.0 54366.53466636591 0.387352430181636 0.00041788244738074823 8.871156329621247e-06 -0.05100730341465602 0.019522947855068442 0.00723612140398699 0.02413152667527746 1.2802537474767682e-07 -3.738350872313167e-08 0.00011050672907858355 1.1987614222363585 EXP_FA 16.336864676147748 0.02304891163893084 -0.0003326336996505389 9.71292982895106e-05
2007kh PS1_LOWZ_COMBINED(CFA4p1) 0.0494341179729 0.0 54366.065853979555 1.1169019332810421 0.00012402695693292855 9.257024444213541e-06 -0.19569050102785868 0.09538419354561345 -0.19972629773575107 0.08078116690606538 7.548959780029162e-07 2.6570259062841504e-07 0.0054116029699567084 1.5047646069609335 EXP_FA 17.655709779536792 0.08103630723479628 -0.006608385099598119 -0.0023259695269255416
2007kk PS1_LOWZ_COMBINED(CFA4p1) 0.0411875732243 0.0 54383.855007358994 0.18301308863738086 0.00029469429794302205 2.846239163303911e-06 0.031103803599970746 0.010113772737384076 -0.11348504168305387 0.013325128796944542 2.403385384080018e-08 1.5847077811817254e-09 3.31606870521729e-05 1.4553462939760078 EXP_FA 16.716070668144432 0.010486341027192297 -8.854743860659033e-05 -5.838506628735617e-06
2007nq PS1_LOWZ_COMBINED(CFA4p1) 0.0424275435507 0.0 54397.982177896185 0.4881339145358652 0.0001675343114414952 6.605496059466257e-06 0.040918902304136195 0.020863315817487477 0.2661963491643388 0.02566890959807615 1.1320172668870532e-07 -4.348948420820615e-08 8.061819896955046e-05 0.9542022233606284 EXP_FA 17.329240587333587 0.042808103966536754 -0.0007336241277953532 0.00028184141579616325
2007ob PS1_LOWZ_COMBINED(CFA4p1) 0.0326566584408 0.0 54402.03738865018 0.9121266708898474 0.0001941171988148495 1.486674772762942e-05 -0.34156219587480896 0.051577729397489724 -0.06640946361371541 0.04160190844720077 6.984038934972743e-07 2.125491047308163e-07 0.0010822630191969322 0.785825171259543 EXP_FA 17.169339960866008 0.083152684839063 -0.003906312255398283 -0.0011888295303255796
2007su PS1_LOWZ_COMBINED(CFA4p1) 0.0266206469387 0.0 54460.588544336315 0.5127817566426529 0.00027681151822215065 1.0374037768678782e-05 -0.29797653916116335 0.03414507810926737 -0.15045710989824154 0.04637889647863314 2.8491331168589226e-07 7.156732591630962e-08 0.0008310091892922971 0.43578367039649885 EXP_FA 16.784039606742624 0.040690027883678884 -0.0011175138220464304 -0.0002807081053711885
2007ux PS1_LOWZ_COMBINED(CFA4p1) 0.0304270070046 0.0 54465.31728427712 0.21814350853310316 0.00016446653332216545 3.910849519172572e-06 -0.21276011616308405 0.019976209958096756 0.33392225002213977 0.015255018002719768 6.949784619152983e-08 1.2953998557120889e-08 0.00013091474623646296 4.400838032907926 EXP_FA 17.34930615419665 0.025817720046479038 -0.0004587944199872452 -8.551663943873745e-05
2008C PS1_LOWZ_COMBINED(CFA4p1) 0.0170783828944 0.0 54466.88582336738 0.25502085259358864 0.0009020637699685845 1.87689758086495e-05 -0.16468731995397404 0.015000352989787568 0.019680424441197924 0.017076650248084954 2.3444560088498252e-07 3.076870876229391e-08 0.00011277112469320275 1.917691262947179 EXP_FA 15.501406899031732 0.022590594190907316 -0.0002821819093077699 -3.703363574622294e-05
2008Y PS1_LOWZ_COMBINED(CFA4p1) 0.070289363 0.0 54503.94344070221 0.731770973012317 5.6860768796057395e-05 3.424304217813378e-06 -0.20887045900985232 0.06991622176210266 0.052192600448400635 0.04490006062876438 2.0972003697014588e-07 2.0216664550615536e-11 0.0009138662063445392 1.0222913439704755 EXP_FA 18.502468181626767 0.06538587402363338 -0.004004529692843145 -3.8603003629411874e-07
2008ac PS1_LOWZ_COMBINED(CFA4p1) 0.0535120628774 0.0 54503.332500027704 1.3827997505031817 0.00012315747716676553 1.2289604055578093e-05 -0.006282625791475958 0.07312293885345493 -0.020686165575676957 0.08383719564588424 7.517453358828763e-07 1.8889102713018032e-07 0.00307054573986648 1.2282361665538883 EXP_FA 17.663348040080074 0.10834314222932298 -0.006627264106919795 -0.0016652324457043196
2008ar PS1_LOWZ_COMBINED(CFA4p1) 0.0273902639747 0.0 54534.59512570513 0.059968798217596486 0.0005143744631616551 3.1119827486710687e-06 0.04315590368002794 0.008615889906725576 0.006086860874851464 0.009578557547520928 2.2458750421573657e-08 1.0377737277164277e-08 3.427890523935331e-05 1.1087590046993043 EXP_FA 16.111301501761275 0.0065687404426083024 -4.7405694086072957e-05 -2.1905218653407796e-05
2008at PS1_LOWZ_COMBINED(CFA4p1) 0.035134088248 0.0 54526.47704397767 0.7645855637165369 0.0001417710890823304 8.155042081787596e-06 -0.3452601324950801 0.048651689368349224 0.18138319710021938 0.028989201293195536 3.2019999592776536e-07 -3.501613041861726e-08 0.0002190479691330289 1.9126756853552622 EXP_FA 17.51053081096702 0.06245437272743957 -0.002452211735075894 0.00026816666777488695
2008bw PS1_LOWZ_COMBINED(CFA4p1) 0.0327615253627 0.0 54564.23248109822 0.723636944181635 0.00037517180255535853 2.3747606743658545e-05 0.17303354341817673 0.027532753979906555 0.26535138291569216 0.019152516353377298 5.296536750316009e-07 1.3695898198884705e-07 0.00018691121942086237 1.944390252581327 EXP_FA 16.453924525244673 0.06872487815537226 -0.001532802217672402 -0.0003963552812318996
2008by PS1_LOWZ_COMBINED(CFA4p1) 0.0458415560424 0.0 54575.42125753334 0.9160840946642566 0.00023181150722743573 1.3727647538488151e-05 0.15223770551555116 0.02023364161438352 0.025165754814788124 0.042840361399451216 1.9323651601933283e-07 -5.25400768057941e-08 0.00040225438228082294 0.5118722730392423 EXP_FA 16.976662523159966 0.06429622117107477 -0.0009050624105457819 0.0002460821046854057
2008bz PS1_LOWZ_COMBINED(CFA4p1) 0.0614346414804 0.0 54576.78522022217 0.9381023610949342 0.00010291637820128458 8.022791805803306e-06 0.00033737454383445727 0.06885912684608644 0.04530099258264508 0.05535514995002327 4.7333566947133073e-07 1.1883620453650492e-07 0.001978176203557791 0.5138291394735838 EXP_FA 17.858288764346838 0.08463799133857178 -0.004993546045152572 -0.0012536854867645857
2008cf PS1_LOWZ_COMBINED(CFA4p1) 0.0469273999333 0.0 54595.42875327858 0.45538840711742523 0.0002659471699885951 4.186033969300426e-06 0.14466542978727978 0.013118379716891376 -0.07165108081714847 0.037068242261970634 2.7032417511394584e-08 -8.647538390037421e-08 0.00013112985478965321 0.4407659123179871 EXP_FA 16.827511566891836 0.017089592023151662 -0.00011036054414685974 0.00035303799294055633
2008ds PS1_LOWZ_COMBINED(CFA4p1) 0.0199417900294 0.0 54652.54907872951 0.41729376934381435 0.0013072329511629637 6.204609765668329e-05 0.09076462860905438 0.02893196077639696 -0.07870971153574058 0.03175927375709578 1.761906479044301e-06 1.7802061667082083e-06 0.0008317537217272502 3.420397676348406 EXP_FA 15.098617533746015 0.051533045070420336 -0.0014633701300097064 -0.0014785691298626355
2008fr PS1_LOWZ_COMBINED(CFA4p1) 0.0395896881819 0.0 54732.7241738718 0.2698739132574701 0.0003114581302207711 4.961663704715427e-06 0.10412520138317413 0.010060010083235435 -0.01086400361235683 0.010488235820485014 3.757768643108963e-08 -1.4706612597099299e-09 1.8703313349136782e-05 0.5823590568368195 EXP_FA 16.65600081983355 0.017296250755199024 -0.0001309949899858527 5.126692867097236e-06
2008gb PS1_LOWZ_COMBINED(CFA4p1) 0.0364040955901 0.0 54747.179743501154 0.43705259264606866 0.00025651701917541055 5.215442289687505e-06 0.02116977116838572 0.017238155460939774 0.011031027199781277 0.028589672277526974 6.15006083068657e-08 -5.33904103861813e-08 7.20228955470182e-05 0.5653141440938454 EXP_FA 16.86670953847822 0.02207492717615039 -0.0002603080188131763 0.00022598072334347572
2008gl PS1_LOWZ_COMBINED(CFA4p1) 0.0329675003886 0.0 54768.43651399943 0.06973619289055932 0.0002867314233563145 2.274562011897632e-06 -0.004300530135638139 0.010505881105170728 0.21777090254716908 0.012796372213944964 1.9786012947791553e-08 8.857494511941649e-09 3.949794474010983e-05 1.2531874451273097 EXP_FA 16.745811773542187 0.0086128485583384 -7.492164742102488e-05 -3.3539757737367994e-05
2009D PS1_LOWZ_COMBINED(CFA4p1) 0.0246628429741 0.0 54842.1010287685 0.2849860637834354 0.0008119902985568372 1.5367619528615224e-05 0.011525886269341888 0.013691272342639114 -0.04174414521995594 0.015060316352765587 1.834064366754089e-07 2.287300996803674e-08 8.338505449860332e-05 2.3860235925021804 EXP_FA 15.615622898905688 0.020548497848829523 -0.00024523816212840136 -3.0584177025549476e-05
2009ad PS1_LOWZ_COMBINED(CFA4p1) 0.0283352248371 0.0 54886.446102706584 0.10225472332967911 0.0005665306894199843 3.994109770476204e-06 0.0618029955513088 0.007676475584269537 0.0028582066281554754 0.009498410812644908 2.5180122249455435e-08 1.896729301702477e-08 3.431320564023448e-05 0.6239861802142084 EXP_FA 16.006441397710883 0.007654571349036659 -4.8256821522694903e-05 -3.635015210901197e-05
2009an PS1_LOWZ_COMBINED(CFA4p1) 0.00930773187429 0.0 54898.352804909635 0.07569843460805714 0.0023278014862755927 2.097486802867614e-05 -0.10698300625244209 0.009103391871894455 0.1462623190387399 0.009783470284066887 1.6777598521862114e-07 1.4305152965314273e-07 6.481374483624558e-05 1.4176605821274175 EXP_FA 14.472135147137745 0.009783125297850808 -7.825429381105544e-05 -6.672228100470421e-05
2009ds PS1_LOWZ_COMBINED(CFA4p1) 0.0205038152635 0.0 54961.09175719302 0.19779263432428706 0.0010319534148063312 2.0522323443447682e-05 0.037993200479161514 0.019690279801453898 -0.05210119399094993 0.018494868134910088 3.6493037212052463e-07 2.1782210466662235e-07 0.0002314798585173246 1.236790512505967 EXP_FA 15.355349768761357 0.021591894797391948 -0.00038394961588597435 -0.0002291744393108584
2008050 PS1_LOWZ_COMBINED(CFA4p1) 0.0470199026167 0.0 54620.31323964662 0.6039268291679036 0.0002315171520298499 6.123531821433359e-06 -0.006107153576025342 0.024693876217247283 -0.20314260568038492 0.04131041633082294 1.2616482244968136e-07 -3.211407849547979e-08 0.00011591864704590382 1.8191787826130157 EXP_FA 16.978042071485717 0.02871726842364355 -0.0005916698365520625 0.00015060403689006754
2008051 PS1_LOWZ_COMBINED(CFA4p1) 0.0390846207738 0.0 54616.738518402555 0.3295390283710731 0.00036555905214772315 7.518230259091479e-06 0.11931985499985169 0.01396919137620696 -0.03678163169355275 0.012449559141139922 8.292556478461316e-08 2.099346297662823e-08 8.63903432638546e-05 2.3528042114792043 EXP_FA 16.482106143548002 0.02232967489122688 -0.00024629478454355673 -6.235206783434758e-05
2009kk PS1_LOWZ_COMBINED(CFA4p2) 0.0124309100211 0.0 55126.50957246049 0.2130585434861132 0.002193728081835832 3.7279179120255093e-05 0.11579309454517311 0.010946368461594276 0.20326430203034096 0.009316175576433976 3.1811757352978854e-07 1.0882397803582175e-07 6.0488119798702114e-05 1.3257864876279875 EXP_FA 14.536543013321753 0.01845048836711443 -0.00015744511355393466 -5.3859971925243026e-05
2009kq PS1_LOWZ_COMBINED(CFA4p2) 0.0124703012407 0.0 55155.06660118836 0.18215741482708836 0.0024982447919282454 4.2733923314409106e-05 -0.004075122823468994 0.016573120393531232 -0.0008075970361379179 0.021694663012106687 6.665888411959083e-07 7.94998109662573e-07 0.00028399653591576647 0.3686281608352734 EXP_FA 14.395412523216386 0.018572146277947343 -0.00028969924841334456 -0.0003455058660239253
2009le PS1_LOWZ_COMBINED(CFA4p2) 0.017025610432 0.0 55165.269992634814 1.3822009350406006e-05 0.0012162427419761632 1.8508016270027704e-05 -0.03360768592013281 0.018167745893509522 0.054334767690112626 0.022510156644156933 3.0301255921184413e-07 3.8527553371037764e-07 0.00035592327090456176 18.307626056940766 EXP_FA 15.176949346005498 0.01652204995687894 -0.0002704983920382264 -0.0003439342997247391
2009na PS1_LOWZ_COMBINED(CFA4p2) 0.0221200753003 0.0 55201.78027305237 0.07084721167120733 0.0007619485007367241 6.183737107135699e-06 0.009177938131254237 0.01274202807459166 0.066578412998205 0.012861449042556046 6.452659356003681e-08 5.257737936179541e-08 0.0001122980814253666 0.7877174998699659 EXP_FA 15.684685952890131 0.008811497432479866 -9.194697375230107e-05 -7.491997722839378e-05
2009nq PS1_LOWZ_COMBINED(CFA4p2) 0.0152608081698 0.0 55203.761208755845 0.59149922720826 0.0012618691431756303 4.495843534475017e-05 -0.06113607057834296 0.055513082993180446 0.019007989538657285 0.1521243839528321 1.4298900125849117e-06 -4.7515740463336693e-08 0.00622082177206516 0.03161786444772241 EXP_FA 15.136964198592072 0.03868309263845663 -0.0012303045556518672 4.0883446588688876e-05
2010A PS1_LOWZ_COMBINED(CFA4p2) 0.0198460221291 0.0 55211.92054224248 0.10800188213397632 0.0006878736953767966 1.6571767588831727e-05 -0.31896961167627025 0.03843940512749843 -0.18605694933988565 0.025244230295191725 5.953952024985792e-07 3.5407592136192085e-07 0.0006951491932771745 2.221723639938342 EXP_FA 15.795728244660383 0.02615679036567338 -0.000939768640430281 -0.0005588715626713258
2010H PS1_LOWZ_COMBINED(CFA4p2) 0.0162116121501 0.0 55214.725740636415 0.8107378735039674 0.001502840622419571 8.13018387281258e-05 0.1632281073039737 0.022479034575328714 0.23515176437054386 0.013123859865145925 8.898379920094429e-07 1.7625457076895391e-07 0.00017509157674511683 1.6280221889370692 EXP_FA 14.947217685714769 0.0587370001207543 -0.0006428687845411449 -0.00012733616983939274
2010Y PS1_LOWZ_COMBINED(CFA4p2) 0.0112250130624 0.0 55247.70097987052 0.04035097972518997 0.001261321883838821 1.224465316796524e-05 -0.10936553579202721 0.01161282588510374 0.27318645204234265 0.00957510966714933 1.1795122624303198e-07 1.0470058011451342e-07 8.4086782952178e-05 25.66883508952303 EXP_FA 15.137435173067109 0.01054010354494494 -0.0001015315110032942 -9.012545643268377e-05
2010dt PS1_LOWZ_COMBINED(CFA4p2) 0.0529409609735 0.0 55361.70097197364 0.1164181594758702 0.00016496785433061552 9.038760751401865e-06 0.22533086835575433 0.05387971992510742 0.32304799124799327 0.09086061050448443 4.70478406106279e-07 8.006884786805835e-07 0.0046623326815733775 2.117257917631393 EXP_FA 17.346001685630895 0.05948861876008849 -0.0030964544040364946 -0.005269732540098157
PTF10bjs PS1_LOWZ_COMBINED(CFA4p2) 0.03052168 0.0 55261.70515043209 1.7147831385955215e-06 0.0006050387730033117 3.513392160316159e-05 0.07863088083092457 0.05346778153040175 -0.07131976895089137 0.03909761470969992 1.8670824244046586e-06 1.2187912515782743e-06 0.0018544163730743488 2.611562602051861 EXP_FA 15.935041983361284 0.0630474812553501 -0.0033504612859457618 -0.002187109069576543
2004eo PS1_LOWZ_COMBINED(CSP) 0.0145681118593 0.0 53278.14565154441 3.1635863706469536e-07 0.0014468801132903148 4.071832226932187e-06 -0.05616122709435774 0.0035336006800083726 0.1684314225933513 0.0028458984801237215 1.1699833299474499e-08 9.369920713504683e-09 6.7163200949380515e-06 6.9554809169736025 EXP_FA 14.988418631244352 0.0030554954953577003 -8.779533622856145e-06 -7.031171457067298e-06
2004ey PS1_LOWZ_COMBINED(CSP) 0.0146194901317 0.0 53304.36551169841 0.009518181828752859 0.002165198258276033 2.1949458297514606e-06 0.13142495494923082 0.0013313277396015564 0.043639768304043154 0.0013027690208096139 2.3135426518041647e-09 1.4537747581046847e-09 7.03824892753766e-07 10.44493275534301 EXP_FA 14.550755827337593 0.0011006530906511646 -1.1601233322235937e-06 -7.289936994936017e-07
2004gu PS1_LOWZ_COMBINED(CSP) 0.0469775982201 0.0 53362.683870244284 0.04636142873641802 0.00017958270937929667 6.683723246875429e-07 -0.07610115336909748 0.004553235370314337 -0.18990702929994255 0.004874543410313121 2.63953296934763e-09 1.8691537776962286e-09 1.2720983311596832e-05 7.384098463918907 EXP_FA 17.253838701224275 0.004040901452482938 -1.5958309785941134e-05 -1.1300686662538938e-05
2005be PS1_LOWZ_COMBINED(CSP) 0.0341570302844 0.0 53458.395524543426 0.13318538452585926 0.0003242967954003247 4.295904157685388e-06 0.14529234815236053 0.005657404839805401 0.33689152347719986 0.00429620012969204 2.0442856947962383e-08 7.337700078052122e-09 1.1766290467891854e-05 1.8926441457927525 EXP_FA 16.61214335717073 0.014382561722240603 -6.844208833360496e-05 -2.4566405673430115e-05
2005bo PS1_LOWZ_COMBINED(CSP) 0.0155565319583 0.0 53478.48220550268 0.0891992304714222 0.0008304910751904866 4.031180996255189e-06 -0.35677347981544844 0.007409308143910769 -0.044455126575119505 0.014510002389267416 1.6289150866689597e-08 -1.3955904527321976e-08 5.9046569139851e-05 5.059375453220224 EXP_FA 15.591162575750763 0.005270133883814843 -2.129549777121404e-05 1.8245145875873385e-05
2005el PS1_LOWZ_COMBINED(CFA3K) 0.0148946074769 0.0 53646.778436178596 0.02909350137997535 0.0016972447617660156 6.5173665429789825e-06 0.021081397743150772 0.00520209434822896 0.18067814270036014 0.0039298820051580155 2.66116786107808e-08 1.8109901563671187e-08 9.676422962382842e-06 10.83374422153388 EXP_FA 14.815138807553982 0.004169192902989874 -1.702362769825152e-05 -1.1584997187927324e-05
2005eq PS1_LOWZ_COMBINED(CFA3K) 0.0278772227466 0.0 53654.59669072405 0.051086708834191086 0.000517064844311217 2.7140718553177026e-06 -0.005683255739741491 0.0056919613120976304 -0.1380265110606799 0.007402532734822424 1.3164228053650706e-08 1.367111490625731e-08 2.4275660405865777e-05 4.919149242190639 EXP_FA 16.105637473209903 0.005699026162876902 -2.764233376682336e-05 -2.870669815679461e-05
2005hc PS1_LOWZ_COMBINED(CFA3K) 0.0449722185731 0.0 53668.338745537934 0.10601294013758888 0.00017989673418200114 1.3161518102342314e-06 -0.0007149422286158976 0.009065460692053202 -0.050216504182921784 0.013524920603847478 9.636642102605838e-09 4.379580229940235e-09 4.9192018198073554e-05 1.9742404397357607 EXP_FA 17.251941801747428 0.007943410856383566 -5.816031775490944e-05 -2.6432213118879383e-05
2005iq PS1_LOWZ_COMBINED(CFA3K) 0.032951567322 0.0 53687.6292969691 0.11773382082537864 0.00028952960273326967 2.7886296155573433e-06 0.08651147468102235 0.010116886435615386 0.1890213468476949 0.017828074042255223 2.1399977103726294e-08 7.077794271199906e-09 9.13412978848409e-05 1.2077362473999662 EXP_FA 16.735267563896247 0.010457362931764348 -8.024992851565423e-05 -2.654173327192005e-05
2005kc PS1_LOWZ_COMBINED(CFA3K) 0.0138991074637 0.0 53697.7031688197 0.06614675867604092 0.0008318356037723976 7.753587606253814e-06 -0.4660939568081312 0.018986143093288815 -0.11183110088270497 0.014941427834695388 1.241310074254808e-07 8.326796187707761e-08 0.00017551950841232806 9.023801904012016 EXP_FA 15.589406237846163 0.010120209741800222 -0.0001620194282184401 -0.00010868378378656122
2005ki PS1_LOWZ_COMBINED(CFA3K) 0.0206604059786 0.0 53705.59835994286 0.06847573556296993 0.000888644754197293 8.571617321114747e-06 0.10004190165162517 0.010575020970640595 0.26043829642256716 0.0072303523980015265 7.399344894980587e-08 4.220068566045047e-08 4.1064666496700216e-05 3.369250720807344 EXP_FA 15.517679546184064 0.010472706010933116 -9.040436694221512e-05 -5.156032494509705e-05
2005lu PS1_LOWZ_COMBINED(CFA3K) 0.0315438061953 0.0 53708.46045100548 1.5349963367843884 0.0002829097175041269 3.86522284942347e-05 0.006476828634669153 0.09973191933949621 -0.07170510754074017 0.07367970316144622 3.83247447184374e-06 1.8179996806079445e-06 0.00504684696787892 0.9080029945417684 EXP_FA 16.76038033738492 0.14833751290343092 -0.014708071269525556 -0.0069770246525588785
2005M PS1_LOWZ_COMBINED(CFA3K) 0.0256227981299 0.0 53400.79874051029 1.0353025248296035 0.0004794551362267517 3.647337294353785e-05 -0.7442014444203083 0.18888859950272657 -0.8308571980797813 0.18728640639943425 6.550171749013476e-06 5.936875976367751e-06 0.03407832941868299 44.78445317205245 EXP_FA 16.187630061435158 0.08259471746636193 -0.014833001208948156 -0.01344418007788897
2006bh PS1_LOWZ_COMBINED(CSP) 0.0104218274355 0.0 53833.48774932338 0.007917915769212414 0.002743366037524718 3.021655305676285e-06 0.05044842639718319 0.001979111958588996 0.25930448280009405 0.0012669665470910326 4.99243497806954e-09 2.476075510472481e-09 1.1245265981838535e-06 51.59231949055256 EXP_FA 14.293790605422314 0.0011958741629069527 -1.975845487422354e-06 -9.799511952333549e-07
2006ef PS1_LOWZ_COMBINED(CFA3K) 0.0168199967593 0.0 53965.80588928054 0.850873881692678 0.0013397692162042444 0.00011441995994818159 0.13978850959616868 0.03622603505559732 0.17658095715522656 0.02579336098248939 3.87381453942116e-06 1.6019068261523806e-06 0.0006220231616449593 0.9238376669721564 EXP_FA 15.071925012970407 0.09272484511524808 -0.003139302385140641 -0.0012981700256782752
2006ej PS1_LOWZ_COMBINED(CFA3K) 0.019163031131 0.0 53974.41331433411 0.30516851484935614 0.0008251723378768724 1.5120516229658299e-05 0.02931934900908379 0.009623048991981676 0.16814756246110527 0.00681261378348923 1.169987227742217e-07 -4.4491664295476423e-08 -9.10328232653565e-06 15.850751579170714 EXP_FA 15.598138348102019 0.01989510693900956 -0.00015394329571598737 5.854075387431533e-05
2006eq PS1_LOWZ_COMBINED(CSP) 0.0483443513513 0.0 53974.42600888962 0.37956513110839296 7.587818604297272e-05 2.8689889274776755e-06 -0.13445631604896657 0.027478601623788384 0.25397590898979255 0.013994219488920859 6.78724787168791e-08 2.7795492303081997e-08 0.0003189009351315322 3.430993012620802 EXP_FA 18.189207649945516 0.041052182610804434 -0.0009711830407734954 -0.0003977239559396
2006et PS1_LOWZ_COMBINED(CFA3K) 0.021604731679 0.0 53994.679585944374 0.14021587925162748 0.0006464966947033315 8.3444992421199e-06 -0.25520787938737877 0.016452770353701407 -0.19090191627736333 0.019009151623469965 1.1933447734165485e-07 9.841873370297659e-08 0.00020062793833595813 2.4107588011976 EXP_FA 15.863084227909368 0.014013876655477452 -0.0002004121035532584 -0.00016528589130189743
2006lu PS1_LOWZ_COMBINED(CSP) 0.0554896369576 0.0 54034.620519897144 0.340566902228602 0.00021394026777331437 4.3022205582941994e-06 0.18437662369624086 0.015225060241978953 0.03814886099312332 0.008444490967871025 5.346820799196502e-08 -7.027449212177396e-09 2.0584530771604485e-05 3.145670913923377 EXP_FA 17.063768662392523 0.021833555083440856 -0.0002713484928509354 3.566395478594287e-05
2006py PS1_LOWZ_COMBINED(CSP) 0.0566123537719 0.0 54070.99706694463 0.12297627046064008 0.00011438241807174066 7.303679900720808e-07 -0.01808817173125955 0.008538992594500912 0.0052709620757202735 0.021310635356895292 3.5771006873913502e-09 -1.0837890034807627e-09 0.00010818822762011044 3.4896144387807655 EXP_FA 17.74360181650708 0.006932769764670676 -3.395441178669671e-05 1.0287498544223526e-05
2007bc PS1_LOWZ_COMBINED(CFA3K) 0.021865779534 0.0 54200.19773561071 0.12051150113256881 0.0006620579504425995 6.620790381044215e-06 -0.026987893370873622 0.010807193067449131 0.17839009400661995 0.008388716675451404 5.61529490041672e-08 8.96584512362118e-09 1.7511939546394717e-05 1.941528847229758 EXP_FA 15.837259986914553 0.010857707872865904 -9.20875426343017e-05 -1.4703460098110596e-05
2007ca PS1_LOWZ_COMBINED(CFA3K) 0.0151477595791 0.0 54227.36220038173 5.107813194626942e-06 0.0006568294739183666 3.6901084986090385e-06 -0.43021016911132814 0.012554900716478816 -0.2810115504844788 0.013135816483284529 3.8184797251915836e-08 3.005204561136431e-08 0.00010561083980399804 13.43743755918529 EXP_FA 15.845868418372167 0.00609973296801757 -6.311930035725894e-05 -4.967589799625237e-05
2008bq PS1_LOWZ_COMBINED(CSP) 0.0336000137031 0.0 54563.89463379925 0.04271707259249524 0.00033646435903893045 9.421879891630525e-07 -0.07894141776113013 0.003128583220715351 -0.06684387453088007 0.0038016230044614126 2.1793726346761335e-09 5.521384498250751e-10 5.611457802737239e-06 4.116259497536578 EXP_FA 16.572152332259037 0.0030403446428756047 -7.0326134390157145e-06 -1.7816945210079498e-06
2008gp PS1_LOWZ_COMBINED(CSP) 0.032846134156 0.0 54778.52813371373 3.55892552761361e-06 0.00042986013602047473 1.1318150433207633e-06 0.05560637918690603 0.0029550956682196927 0.03328499629965769 0.00335528528009458 2.8181738747102957e-09 2.65193707708888e-09 5.812628776319094e-06 41.793323203655305 EXP_FA 16.306182070558698 0.0028587265174194053 -7.11811389491285e-06 -6.698234742099238e-06
2008hv PS1_LOWZ_COMBINED(CFA4p1) 0.0135901076719 0.0 54817.10873017457 0.0352276454323146 0.0019212912109103093 1.3273782256937316e-05 0.08137907662417282 0.009029118179802884 0.20816372207613454 0.01021967302028419 9.669885436688706e-08 1.1038058281118067e-07 6.55334178144077e-05 8.031169724979685 EXP_FA 14.680517009883403 0.007501114817261142 -5.464525447707585e-05 -6.237690277239101e-05
1993ac PS1_LOWZ_COMBINED(CFA1) 0.0502062439919 0.0 49270.60411721501 0.9887016707980365 0.0001288700255066007 9.320105266098698e-06 0.006574701629573852 0.03033070492428827 0.15077395474861158 0.041560369078968616 2.2816773820276027e-07 -1.1099705202968945e-07 0.0002253415405474287 1.3425340112868958 EXP_FA 17.614120213809954 0.07852233814481518 -0.0019223242422018668 0.0009351555378087745
1993ae PS1_LOWZ_COMBINED(CFA1) 0.0169262420386 0.0 49287.90828564865 0.42102181466907496 0.0013880858309638817 7.108143679744913e-05 0.1279885165911863 0.01966188198697919 0.2869941279195043 0.016791382693292656 1.2609771736299892e-06 9.136523561925095e-07 0.00023418383788569372 2.62557597970786 EXP_FA 15.033459197164174 0.05559864361098388 -0.0009863140594360562 -0.0007146427256533171
1994M PS1_LOWZ_COMBINED(CFA1) 0.024312755093 0.0 49475.05192379055 0.37512700570368906 0.0004951120029501881 1.496134813813371e-05 0.012379646176877564 0.024558342742199677 0.1766890171775267 0.014380352475821425 3.113072114948746e-07 6.362686258526254e-08 0.00017239834269150528 1.963907969969928 EXP_FA 16.15274136245928 0.032808894247705556 -0.0006826687866750963 -0.00013952800152764656
1994Q PS1_LOWZ_COMBINED(CFA1) 0.0295564010739 0.0 49496.91045951821 0.5755197202488489 0.00046338757379863355 3.0128013696870532e-05 -0.07090119319051989 0.046228564028751036 -0.09182589961844634 0.04947359037084432 1.3336542205535144e-06 1.2373798430371558e-06 0.0020456672131623777 0.34784331681908043 EXP_FA 16.224639041077246 0.07059117917209376 -0.0031248068652627824 -0.002899232026465992
1994S PS1_LOWZ_COMBINED(CFA1) 0.0161136966199 0.0 49518.64866423695 0.20650599203509046 0.0020595777539128956 3.231998613665911e-05 0.11934796224384142 0.01588198679830253 0.01299562078508562 0.02439945387595533 4.488299591708884e-07 5.793887834442999e-07 0.00024083232759452737 1.3113825547733349 EXP_FA 14.60505451939528 0.017037948200393945 -0.00023660720530027445 -0.00030543317804880923
1995ak PS1_LOWZ_COMBINED(CFA1) 0.0219348929822 0.0 50021.98380910019 0.46120305443400866 0.0006318720128532672 2.5771124386484664e-05 -6.972476275584472e-05 0.032167051299466606 0.15484403675276137 0.022588249843097843 6.536252582980184e-07 3.5347742601723187e-07 0.0005319308322627513 1.8820284172970174 EXP_FA 15.887927200419615 0.044282136595008806 -0.0011231144802156957 -0.0006073749607275986
1996bl PS1_LOWZ_COMBINED(CFA1) 0.0348066575825 0.0 50377.07408994223 0.11372579504313762 0.0003295505698844777 3.2951339971204654e-06 -0.01640900539378628 0.01148464975673168 0.016055773926731843 0.01422176476486497 3.308430990379537e-08 2.8786722340410484e-08 0.00010633949697997045 2.5122515990989487 EXP_FA 16.594694832518407 0.010856137440324215 -0.00010899945669819492 -9.484063909299126e-05
1996bv PS1_LOWZ_COMBINED(CFA1) 0.0167309138924 0.0 50405.486242848405 0.4640463140385691 0.001131361631343681 2.9479756619879478e-05 -0.21862455947118514 0.021038666884500325 -0.19906614111981555 0.01749460595175629 5.634916664081206e-07 -2.068282251386831e-07 -3.176616846934524e-05 9.724622367184525 EXP_FA 15.25549638469406 0.028290900259404547 -0.0005407672368844331 0.00019848727937876964
1996C PS1_LOWZ_COMBINED(CFA1) 0.0275155156851 0.0 50130.868427732465 0.31930496019049315 0.0003405466889732212 6.534522641285711e-06 -0.10752816783793678 0.018383846844803785 -0.07398209556987899 0.01647576574163262 9.062337958253075e-08 1.827027160251685e-08 0.0001514945662718095 1.8533929916149152 EXP_FA 16.559058344668742 0.02083346584236945 -0.0002889268561293498 -5.82495616369852e-05
1997dg PS1_LOWZ_COMBINED(CFA2) 0.0328005328774 0.0 50720.84633524191 0.1949013126140926 0.0002924236406009298 3.749100438682288e-06 0.05256455677186465 0.013108803987901286 0.06389781342225773 0.019674101509674285 3.597286640529524e-08 2.4359837929333936e-09 0.00012112598012896768 2.2164602156727446 EXP_FA 16.72446880083545 0.013919989755913745 -0.0001335632213759953 -9.04453481516298e-06
1997E PS1_LOWZ_COMBINED(CFA2) 0.0131341582164 0.0 50468.43894170281 0.059204278310062364 0.001386316064550918 8.245266086343283e-06 -0.009956861854401776 0.008793457279685552 0.26265445162201123 0.011282019808940846 6.486129720660065e-08 5.820454696582681e-08 6.586009746005192e-05 5.43489146937491 EXP_FA 15.034844360382415 0.006457534567131511 -5.079812639089354e-05 -4.5584687026485814e-05
1997Y PS1_LOWZ_COMBINED(CFA2) 0.0167807806283 0.0 50488.985894279394 0.33284682931480347 0.0011600701301450061 1.0316571755071987e-05 0.03300821577578386 0.011389630629196281 0.1667715501643945 0.01638129566661842 9.69086706522469e-08 5.56321533204202e-08 0.00011137106381829675 2.763382386609476 EXP_FA 15.228289388539698 0.009655515793744872 -9.069904443533442e-05 -5.206740647747332e-05
1998dk PS1_LOWZ_COMBINED(CFA2) 0.0120226023719 0.0 51058.00616794301 0.6467015885136789 0.0017378023772257904 7.498354426077687e-05 -0.2891226030337589 0.042769362422732396 -0.12427426323549097 0.05216659094866417 3.0319757996616364e-06 1.5677392335273597e-06 0.0014301744492027015 0.7814688376061824 EXP_FA 14.789499032549571 0.04684787512776621 -0.0018943039443289956 -0.0009794849332509896
1998dx PS1_LOWZ_COMBINED(CFA2) 0.0538899973035 0.0 51072.615975665125 0.3150789127103053 0.00014322907808621258 3.0535163932857077e-06 0.14176400475781553 0.015016581161489687 0.2948540737945273 0.03971638045167212 1.6401335997418198e-08 -4.815521384580669e-08 0.0003406938531618324 2.2214151102308572 EXP_FA 17.499422008659828 0.023146928991731694 -0.0001243289738141092 0.0003650366239793259
1998ec PS1_LOWZ_COMBINED(CFA2) 0.0201 0.0 51089.99960924837 0.29282910532856476 0.0005559743287863652 1.9470880510976023e-05 -0.17743815282826159 0.02820672772454767 -0.04070574839141155 0.025111896620600448 5.275136303645804e-07 3.916194293702775e-07 0.0006312923265291089 2.510791932049844 EXP_FA 16.026863151997247 0.03802376983022419 -0.001030156640937822 -0.0007647752260112212
1998ef PS1_LOWZ_COMBINED(CFA2) 0.016024671495 0.0 51114.16994409075 0.05104655009927228 0.0017869774756640296 2.1455197067474576e-05 0.07079382493463492 0.010923020193890857 0.14691964739499747 0.013899076316463118 2.1309346331007208e-07 2.7037908797755637e-07 0.00012266164231446026 23.725132616488064 EXP_FA 14.759202304041528 0.013035801823815066 -0.000129471854717738 -0.0001642775965699463
1998eg PS1_LOWZ_COMBINED(CFA2) 0.0236171036959 0.0 51111.54710853093 0.32868837282512686 0.0005654680335459352 7.3479921914151545e-06 0.017361763936086825 0.018495437189160163 0.09369460304344951 0.03288760939899704 1.1348806452218935e-07 1.6364108043385198e-08 0.0003062868377896483 1.2550795535254329 EXP_FA 16.00847985282777 0.014108633346559242 -0.0002179046261677993 -3.142017498294841e-05
1999cc PS1_LOWZ_COMBINED(CFA2) 0.031528186053 0.0 51316.11136252997 0.09128309941661428 0.00029833003491719666 1.3517425029885306e-06 -0.001446871422865442 0.007723483786193729 0.24977944211675407 0.008354839550550438 8.746683202554414e-09 3.5724167778067874e-09 2.7853719742288886e-05 4.762115581424868 EXP_FA 16.70275755263099 0.004919503915897618 -3.18324992895836e-05 -1.300138028417677e-05
1999dq PS1_LOWZ_COMBINED(CFA2) 0.0133431283757 0.0 51436.1132729538 8.000657544471323e-06 0.0027014126164292833 1.2119711098783337e-05 -0.15054025277318195 0.005887842749648307 -0.19600874776091592 0.005287167229066888 6.669505987388469e-08 5.209216408392117e-08 2.383080076639705e-05 6.803302722694674 EXP_FA 14.310522690445556 0.004871084502652269 -2.6805694451558208e-05 -2.0936582655363817e-05
1999ef PS1_LOWZ_COMBINED(CFA2) 0.0379901379347 0.0 51457.99629039151 0.39067820111085894 0.0002378899791770685 6.840581290722684e-06 0.04697341597875056 0.01465716232608051 -0.013517244832025377 0.019790381891331667 7.001789133836495e-08 3.357484565664605e-08 0.000186122905810681 2.449314496483068 EXP_FA 16.948559629246503 0.031220595313098624 -0.00031956352205276726 -0.00015323649035024504
1999ej PS1_LOWZ_COMBINED(CFA2) 0.015444220975 0.0 51482.1591438936 0.3509556481440086 0.001185364626999278 3.5639506500150376e-05 0.05787672823698046 0.017094102637540357 0.21299261540494635 0.021327803522752424 4.810933475359131e-07 -3.1758162590044937e-09 0.0001663815245166403 3.4114665477356643 EXP_FA 15.204870092203098 0.03264405031629945 -0.00044065805018184026 2.9088928533235204e-06
1999X PS1_LOWZ_COMBINED(CFA2) 0.0257653091103 0.0 51206.59001467855 1.1414667208882747 0.0005639106519742258 6.709916953030996e-05 0.05412511435426487 0.06344482700444644 0.10066755129077985 0.06475263644315683 3.930560913210942e-06 2.5334648351427746e-06 0.003270686315374923 0.44852764524370803 EXP_FA 16.011474254352244 0.12919067482270374 -0.007567780948169338 -0.00487785518036609
2000B PS1_LOWZ_COMBINED(CFA2) 0.0204512048513 0.0 51561.412858650634 0.2850553842326917 0.0011571143432269628 3.583380796741066e-05 0.05259515787199257 0.014011255781961135 0.28626011979104593 0.010148553842572768 4.499930236513805e-07 2.5700126257624097e-07 0.00010358158740804124 13.012633283112063 EXP_FA 15.23105930750641 0.033623351825427014 -0.00042223460501262974 -0.00024114779760606926
2000cf PS1_LOWZ_COMBINED(CFA2) 0.0364584960043 0.0 51672.508380556894 0.215345480311953 0.0002438534725902625 4.009870044620652e-06 0.02088668119874088 0.010150482787653273 0.06265892827100922 0.008164210711550598 3.636384737275799e-08 5.177301433867734e-09 3.538296432002458e-05 4.892895172196027 EXP_FA 16.92167763866729 0.017853594773837918 -0.00016190684191420742 -2.305148066987519e-05
2000cn PS1_LOWZ_COMBINED(CFA2) 0.0232076905668 0.0 51707.81675823824 0.03613202772976365 0.0003502567632132899 3.1866956145003435e-06 -0.14832030979524194 0.01710847145600885 0.34628306864923186 0.017915349238998207 4.9769917663348134e-08 4.141686405523663e-08 0.00022424383667245295 4.378312124441723 EXP_FA 16.528533675095808 0.00987821268735946 -0.00015427825295702345 -0.00012838521197928375
2000dk PS1_LOWZ_COMBINED(CFA2) 0.016024671495 0.0 51812.71657775969 0.041535382017173106 0.0010646331820510615 5.702196791946672e-06 -0.0028947847953948143 0.008319244554566093 0.31677576650303346 0.008239670376110054 4.26544616240768e-08 2.1291223859856265e-08 3.0562087321330766e-05 17.27827783459003 EXP_FA 15.321500005099365 0.005815225007119145 -4.349995290444109e-05 -2.1713255774839605e-05
2000fa PS1_LOWZ_COMBINED(CFA2) 0.0218040905893 0.0 51893.6657335671 0.23992473562975647 0.0006994626938655903 1.296726279228728e-05 -0.05127168302122654 0.013809238270237048 -0.0655082428314074 0.011142225365921321 1.578330250867884e-07 4.861741868402494e-08 8.385635982470457e-05 3.7614350698575123 EXP_FA 15.777588609579325 0.02012834539093338 -0.00024499523869696765 -7.546605717512877e-05
