SNNAME SURVEY Z ZERR T0 T0ERR X0 X0ERR X1 X1ERR X2/C X2/CERR COV_X0_X1 COV_X0_X2/C COV_X1_X2/C CHISQ/NDOF MODEL mB mBERR COV_mB_X1 COV_mB_X2/C
washington PS1_HST_COMBINED(CANDELS) 1.33 0.02 55616.19528510597 5.152200085878576 9.704176254432393e-08 1.5751078251648084e-08 -0.10420913936872782 1.7309947912318835 1.1483778272779348 0.949787323997153 2.0006132148202896e-08 -7.766232382136075e-09 -0.03714298676347171 2.7747002406612973 EXP_PCA 25.597603310229985 0.17622841417355306 -0.22383540262428925 0.08689124610652808
carter PS1_HST_COMBINED(CANDELS) 1.54 0.04 55952.04258808914 4.419237637808692 6.017015895265931e-08 6.697056833378976e-09 4.113957903752846 1.5952769203847903 2.9414900635898165 1.852824299438009 1.0069043757796823e-09 -7.525163748300678e-09 1.9532130096131206 2.761044146408354 EXP_PCA 26.11654710305698 0.12084457139365798 -0.018169015248464267 0.13578728842467747
Primo PS1_HST_COMBINED(CANDELS) 1.55 0.0001 55480.370842027776 3.6571112390447524 6.68759209424951e-08 5.676428428325594e-09 2.4231696615872838 1.5845412989645815 1.1708141544700668 1.0125282263159503 5.763178727354642e-09 -1.1283841595397346e-10 1.0601480103054353 1.9850057026394496 EXP_PCA 26.001825560744926 0.09215729326031832 -0.09356569166593312 0.0018319411794587757
geta PS1_HST_COMBINED(CANDELS) 1.7 0.04 56136.08355152676 2.006976354547078 8.032435316348793e-08 4.454012575950548e-09 -5.0248623706905775 2.9416755907630474 -8.634682881841657 3.1416799400980353 1.9886874301711482e-09 -2.6557730358722845e-09 8.26813837348221 0.434025987452643 EXP_PCA 25.802881907629995 0.06020444011935994 -0.026880888022708625 0.035897817076697654
stone PS1_HST_COMBINED(CANDELS) 1.8 0.02 56482.176064422536 1.352842441498069 4.9188234812085485e-08 1.950098487158033e-09 0.033712489365399834 1.938465336825198 1.2407153429667879 2.6818063358572064 8.495725331269042e-10 -6.498463795827495e-10 4.42148180856559 1.2662067061594913 EXP_PCA 26.33534690604963 0.04304469429407776 -0.018752688753883074 0.014344115915918774
colfax PS1_HST_COMBINED(CANDELS) 2.26 0.02 56053.10357343698 10.335054966530151 3.927133558079925e-08 5.1178924264906654e-09 2.591180981982195 3.5976372312614213 -3.5195360243430316 2.0164929921129295 1.3361880542296043e-09 2.32340744187478e-10 3.3152574690439316 0.6204988202372526 EXP_PCA 26.57981082133962 0.14149457912032795 -0.03694164523275617 -0.006423533961196076
wilson PS1_HST_COMBINED(CANDELS) 1.914 0.001 55540.31964422281 2.7222995413467288e-08 3.97681618597656e-08 1.764238095213354e-09 -1.865675512293517 2.324642498670456 1.9064357481683167 1.633355617597681 5.743158943814505e-10 5.941575982251858e-10 3.211549423528593 0.984266526230493 EXP_PCA 26.566161205625924 0.04816660072299226 -0.015679768194889917 -0.01622147933314163
rutledge PS1_HST_COMBINED(CANDELS) 1.614 0.005 56455.70535577195 1.48007407095065 7.181480494435345e-08 4.493766397578323e-09 1.6256382398148423 1.3261410250410068 0.3062019306897566 1.7130826124645804 7.165371456934425e-10 -5.3025406622959624e-09 1.1577507651711543 0.20816922573059726 EXP_PCA 25.92446503692782 0.06793926234788059 -0.010833007507800665 0.08016676197502563
Aphrodite PS1_HST_COMBINED(HST) 1.3 0.001 52552.063528169456 1.112350069459353 1.0244343296745152e-07 4.5328050756875735e-09 1.0198486420962243 1.0571496355842642 -0.19084948175981586 1.1766209722523977 -4.3529327554251445e-09 -4.1252966904584865e-09 1.0100979989002683 3.2005826017983727 EXP_PCA 25.53878969094636 0.048040469137236516 0.04613411082137631 0.04372153336195537
Borg PS1_HST_COMBINED(HST) 1.34 0.001 52734.817606886936 1.7675928444041347 1.2620585859028995e-07 1.4680036864274255e-08 -5.4479868761267225 1.476596907506763 -3.4285730024600234 1.2069608512965118 -2.075648950537551e-08 -1.6032619206248324e-08 1.6398116903563345 1.3595524379983366 EXP_PCA 25.31230121070162 0.12629086865506933 0.17856597460208742 0.13792699739743802
Eagle PS1_HST_COMBINED(HST) 1.02 0.001 53293.8820369203 1.0780528479335771 2.0107150760094814e-07 4.743906591822547e-09 -2.560816020646274 1.9982662967557674 -3.095677078108965 1.9532443378856073 5.461129208353999e-09 3.5883256475248428e-09 3.7194666432238055 1.0559540506988316 EXP_PCA 24.80662366448732 0.025615917442438265 -0.029488741448836085 -0.01937606733278161
Frodo PS1_HST_COMBINED(HST) 0.735 0.001 52645.99377080686 0.2460714850894874 4.508871187253106e-07 5.80467224162366e-09 0.5248464242429561 0.5179204717877519 0.8377420613830394 0.6831669394766702 -1.2344538797753275e-09 -2.609843153488293e-09 0.3045251752723364 1.4775995873524534 EXP_PCA 23.929830429400614 0.013977651052224559 0.0029725650051066212 0.006284502445962876
Gabi PS1_HST_COMBINED(HST) 1.12 0.001 53487.664499131555 1.0268932233011583 1.8533277945382615e-07 1.0126290661482652e-08 1.1307176097927658 2.4511256752794135 -1.1471628481348857 2.370961259809194 2.3951469180961222e-08 2.2623442752122464e-08 5.6493742925255965 1.815973422160547 EXP_PCA 24.895119402635018 0.05932291321306726 -0.14031504477273019 -0.13253505906855464
Koekemoer PS1_HST_COMBINED(HST) 1.23 0.001 53457.83315911963 4.087427917060268 1.2646030093503126e-07 1.8068758992620014e-08 -5.1011263057917935 3.9790963086947864 -2.505358351505166 1.895508125149449 2.8352515868852996e-08 1.0961381246232498e-08 7.095509017598541 0.9640571861021903 EXP_PCA 25.310114472599345 0.15513094361063748 -0.24342305646266005 -0.09410991738273351
Lancaster PS1_HST_COMBINED(HST) 1.23 0.001 53435.39264887514 1.6653521172374894 6.797852217311763e-08 2.9513776215225863e-09 -2.5850522226077146 5.1473469031427115 0.5898519923904049 4.456823458386094 5.567172047788374e-09 3.276326285257535e-09 22.373937460561702 1.1437710206453016 EXP_PCA 25.984070702612634 0.04713867608712458 -0.08891750007462809 -0.052328676069859255
Manipogo PS1_HST_COMBINED(HST) 0.854 0.001 53150.308430881254 0.7850440266411169 2.735303817655841e-07 8.722373312780245e-09 0.24614488544097432 1.3466800073416945 1.108083747622114 0.7719347548510792 8.369372165581261e-09 2.7187882186710936e-09 0.8989414674742628 5.054766892852307 EXP_PCA 24.472486070946715 0.03462210097457323 -0.033220917956580186 -0.010791805952330516
Mcguire PS1_HST_COMBINED(HST) 1.37 0.001 53256.90226254668 3.7462674961498124 1.1914180940395673e-07 1.8747317531305374e-08 -1.7399387634038774 1.6047309649311463 -1.8291065603664727 1.2456546200310439 -2.3492873113923003e-08 -1.8075754753710414e-08 1.928169040133572 3.03196003590076 EXP_PCA 25.37483952141661 0.17084381618564762 0.21408994056059694 0.16472388209155817
Ombo PS1_HST_COMBINED(HST) 0.9752 0.001 53366.59631660809 0.6865957885202079 2.464298049642562e-07 3.796658220791647e-09 -2.122043068947948 0.6668723270543512 -3.99620927586509 0.7861438694547087 -1.3369582029340123e-09 -1.7915925056775969e-09 0.47911992499999395 3.8716166844085933 EXP_PCA 24.58576691670835 0.01672755975278227 0.005890456007885779 0.007893512912813636
Patuxent PS1_HST_COMBINED(HST) 0.97 0.001 53205.146334962395 1.874531727982685 1.6093448900513366e-07 1.2792365191690015e-08 5.748117976258243 2.358545695334407 8.073921142818111 4.041424793006606 -2.811248966807929e-08 -5.0490653297210815e-08 9.086893048317068 0.44811866075024587 EXP_PCA 25.048377186527865 0.08630303000286327 0.1896594572562311 0.340632580533583
Rakke PS1_HST_COMBINED(HST) 0.74 0.001 53353.26660309948 0.7102600049802277 4.500104771194011e-07 1.1987130515564113e-08 -3.3019405795234684 1.0843223168627838 -1.818900293822076 0.6498475810009934 9.675247067724513e-09 4.0475393493177485e-09 0.6427408180276769 4.232515486614288 EXP_PCA 23.931943437216233 0.028921241290246036 -0.023343381022262754 -0.009765461550735039
Thoth PS1_HST_COMBINED(HST) 1.305 0.001 52575.35749796886 3.0798042240530776 9.506828907306978e-08 8.692855178790028e-09 0.22891724481203182 1.0418989243273773 2.213763483841423 1.1807932949497226 -1.599250221134788e-09 -7.876145074290678e-09 0.6602300080998125 3.6234157079496963 EXP_PCA 25.619910804848814 0.09927755808329891 0.01826438534324426 0.08995024465531459
Vilas PS1_HST_COMBINED(HST) 0.935 0.001 52726.41704220003 0.843706360024953 3.14138575092454e-07 9.461045281696375e-09 -0.2940715523286301 1.0818367162800997 0.12482897249363703 0.8596692466229223 7.288073438605812e-09 4.0632024058873874e-09 0.8665208189789257 3.2280194130722464 EXP_PCA 24.322196826298004 0.032699579776761335 -0.02518928212780476 -0.014043375469039124
SCP05D0 PS1_HST_COMBINED(SNAP) 1.014 0.001 53603.66018937627 3.768571789682028 1.4895590734031582e-07 7.374176401992678e-09 -5.522675374027664 6.323332457899591 -5.379391816894232 6.480919054173614 3.5935669025653864e-08 3.446084198723082e-08 40.601897264511614 0.15304922050868236 EXP_PCA 25.132355671799935 0.05375020328414666 -0.2619342703489921 -0.25118428976773377
SCP05D6 PS1_HST_COMBINED(SNAP) 1.315 0.001 53656.332929646975 0.0014396163896890357 9.909238036922408e-08 4.281731570365002e-09 -0.9441305929360312 1.3979328385000318 -2.3412230050981786 2.0018617860361423 -1.652281146873851e-09 -4.9460023080069636e-09 1.90689827789259 2.548916404451443 EXP_PCA 25.57489934741004 0.046914111535915716 0.018103727601616718 0.0541923985942339
SCP06C0 PS1_HST_COMBINED(SNAP) 1.092 0.001 53737.070368402405 1.4556674041086808 9.113247158690606e-08 5.4265362669755716e-09 -1.2327982753257398 3.9387606771030166 5.190512440372395 3.1178127576172776 1.2819972619874976e-08 7.243639094753897e-09 11.07134456475484 0.12041106232926703 EXP_PCA 25.665817127866163 0.06465079667975272 -0.15273489432504422 -0.08629943951290474
