SNNAME SURVEY Z ZERR T0 T0ERR X0 X0ERR X1 X1ERR X2/C X2/CERR COV_X0_X1 COV_X0_X2/C COV_X1_X2/C CHISQ/NDOF MODEL mB mBERR COV_mB_X1 COV_mB_X2/C
2001ah PS1_LOWZ_COMBINED(CFA3S) 0.0589134208858 0.0 52007.09979158673 0.2741557911213022 0.00018458395146415677 1.9214822816482285e-06 2.401124599989351 0.5711825083397764 -0.15342477295504858 0.5763962414945236 1.9399138681381976e-07 -2.1800262326052148e-07 0.27619731832040306 1.1857106484471227 EXP_PCA 17.39951515282487 0.011302298295374016 -0.0011410714225386091 0.0012823072587226359
2001az PS1_LOWZ_COMBINED(CFA3S) 0.0405932441354 0.0 52031.29434616095 0.41209200191224227 0.00031956060244808755 7.027503669523332e-06 0.3823536090872239 0.33415772492907175 -0.9355576126047401 0.27305654933027784 3.434493036041136e-07 -6.599317286398866e-07 0.07356746128860951 0.7857225122641304 EXP_PCA 16.803616921909494 0.023876582734605353 -0.0011669002391573899 0.0022421780562556655
2001da PS1_LOWZ_COMBINED(CFA3S) 0.0164730455726 0.0 52108.84665759967 0.6575356386201747 0.0010646422526927508 5.408762956349158e-05 -1.4089663349925177 2.049884384592295 2.975346113611253 1.3785992605037038 8.957048007570327e-05 3.244236943412709e-05 2.4623614881050044 3.8969566542561 EXP_PCA 15.496990754699983 0.05515927768045911 -0.091345156412671 -0.03308515604531025
2001en PS1_LOWZ_COMBINED(CFA3S) 0.015444220975 0.0 52193.67132207992 0.26641559977360885 0.0014815809549854283 2.7654512234466144e-05 -2.769715027228479 0.4295328738614978 0.30597975970987146 0.21318617737800719 1.0047795695085925e-05 4.397512314423347e-06 0.08713302775608898 10.22119661732628 EXP_PCA 15.13818653318528 0.020265855238522448 -0.007363253103017216 -0.003222596993146488
2001fe PS1_LOWZ_COMBINED(CFA3S) 0.0144914556295 0.0 52229.64129736011 0.17462777771652327 0.002514665508224878 1.8059201036899717e-05 0.6208192619969762 0.14203122736376964 0.26232994324306774 0.09262573867090401 1.1260207248612643e-06 1.0958080251386799e-07 0.009696439523333935 7.822631255398306 EXP_PCA 14.563799437646633 0.007797270981224331 -0.00048617260001028234 -4.731279140172527e-05
2001gb PS1_LOWZ_COMBINED(CFA3S) 0.026762455 0.0 52236.22150718598 1.2728691882148269 0.0004402199763732 2.977645635495198e-05 1.2300780131340465 1.2083057900802563 1.9907237998199843 0.6843631346096531 -3.1418879755574113e-06 -1.2760521463756444e-05 0.6444425750310149 3.8729966816115615 EXP_PCA 16.455825634625896 0.07343914054132829 0.007748993024943926 0.03147190243145227
2001G PS1_LOWZ_COMBINED(CFA3S) 0.0170709602535 0.0 51930.30401454339 0.6861623352924653 0.0019311982902114114 6.079060943029334e-05 1.1907489553052581 0.7914022040807664 0.6033024062631254 0.4901119805453991 3.980673312225933e-05 1.6640931254302205e-05 0.34958485758847424 3.4961274346296327 EXP_PCA 14.850432829374164 0.03417700083017112 -0.022379686002751302 -0.009355673953972443
2001ic PS1_LOWZ_COMBINED(CFA3S) 0.042963424 0.0 52245.81422831791 1.1420372281500022 0.00017987663682894029 1.799518675733587e-05 -3.5843738693177403 2.4430545446219774 0.5487433470387637 1.4497586214407365 -6.502205935715328e-06 -9.849004454484206e-06 3.3567836272336415 2.1795162659204195 EXP_PCA 17.427563102686406 0.1086190297876424 0.03924734484508392 0.05944863605175619
2001V PS1_LOWZ_COMBINED(CFA3S) 0.0159647166729 0.0 51973.82460978741 0.05139977761064074 0.0029247053937736752 1.0639462475012688e-05 0.9288986233003476 0.16282060056135542 0.4161439914597199 0.1047110542764653 3.0239986897607313e-07 -1.0327009462992512e-07 0.01415074788349633 5.3814454320892455 EXP_PCA 14.399794684896568 0.003949679729410969 -0.00011225967810652058 3.833688030500633e-05
2002bf PS1_LOWZ_COMBINED(CFA3S) 0.0247441995889 0.0 52339.4575121554 0.5172655417882197 0.0004808678967525444 1.7341180756314412e-05 -2.4346549132429782 0.34467675956466337 2.079588113195513 0.2670034194622765 2.1862870418661073e-06 -2.994901684508649e-06 0.03237075319223933 6.888488019939344 EXP_PCA 16.359935539789028 0.03915409597425137 -0.004936347407215483 0.006762092480121349
2002bz PS1_LOWZ_COMBINED(CFA3S) 0.0376183390617 0.0 52365.017475581284 0.5893497398647014 0.00029338352400871883 1.2094475970769512e-05 -3.8312378110389678 1.0196973374515421 -1.823261867731626 0.7090004907421159 -6.688021786978306e-06 -6.085314509302558e-06 0.6661076659947758 7.138391648964005 EXP_PCA 16.89641069788328 0.04475851356482937 0.024750631163997176 0.022520168105600195
2002ck PS1_LOWZ_COMBINED(CFA3S) 0.0303127449006 0.0 52396.329939705895 0.36212192232414964 0.0005505463382456518 1.0517393119463107e-05 0.4463314343951185 0.24811046073245988 0.2482499705035211 0.1868301569922062 5.595248133133185e-07 -2.9103328567264527e-08 0.04068369942709464 5.313213314893066 EXP_PCA 16.21301530391291 0.020741423012389505 -0.00110344271693937 5.7394873617979613e-05
2002cr PS1_LOWZ_COMBINED(CFA3S) 0.0102454563603 0.0 52408.95514108873 0.06491534306769609 0.0036601361596118854 1.6607980874876414e-05 -0.5247995380555543 0.2719810501076789 1.2458535056356468 0.22032520630380245 2.8999323745356233e-06 2.653979994160661e-06 0.056490132595516114 1.9941688419092987 EXP_PCA 14.156256895620404 0.004926561564227706 -0.0008602307217765927 -0.0007872718502006632
2002de PS1_LOWZ_COMBINED(CFA3S) 0.0282677393407 0.0 52433.21690516449 0.0741990069327585 0.0003909685811602079 2.899266341112667e-06 -3.193375314669642 0.49463768791769525 -0.0637289691395 0.582574472822835 -1.7746453000847988e-07 -6.85433233054883e-07 0.2723273752342111 8.08531833305235 EXP_PCA 16.58464535444513 0.008051384652038729 0.0004928264688656336 0.0019034769363401893
2002dp PS1_LOWZ_COMBINED(CFA3S) 0.0104468800128 0.0 52451.29791070778 0.11363928511855192 0.002649907969075745 2.288015159723885e-05 -3.2235510089084287 0.6666520064015318 -0.056309956498968465 0.5783277989385921 9.273446644601386e-06 5.60872209007567e-06 0.3611852782142992 3.8372608609752983 EXP_PCA 14.506923021966102 0.009374593098846855 -0.0037995722426723724 -0.0022980392929441307
2002eu PS1_LOWZ_COMBINED(CFA3S) 0.0367125719786 0.0 52517.10885344159 0.40650601203742553 0.00021566524375468 6.5068661448891605e-06 -6.424169288829318 0.8029443441022851 -0.25440725073219705 0.36304113441020536 -2.0004411290848146e-06 -1.3842104940469408e-06 0.26275103575274106 1.6520103357307085 EXP_PCA 17.230549598553168 0.032757898444949654 0.010070938281576873 0.0069686121983681395
2002G PS1_LOWZ_COMBINED(CFA3S) 0.0344943143427 0.0 52300.72415333871 0.16503343557633343 0.0001745418140862298 2.5371768752527497e-06 -6.143740300222993 1.0527706810946982 1.4358698678517108 0.5426211987617594 -7.536759893252299e-07 -4.4205756681889916e-07 0.49389253965746793 4.768938560513258 EXP_PCA 17.460251286353156 0.015782492039277705 0.004688236526881965 0.0027498161824160297
2002ha PS1_LOWZ_COMBINED(CFA3S) 0.0122384335846 0.0 52580.62464337852 0.06786329899114207 0.002043219189943772 8.981456133902009e-06 -1.707593182802616 0.1887605961572865 0.3024585414130982 0.09550439249016544 6.999047431656521e-07 9.311874806325691e-08 0.01553827452923307 41.62955647318749 EXP_PCA 14.789212602903843 0.004772611839208864 -0.00037191894206798287 -4.948191393837254e-05
2002he PS1_LOWZ_COMBINED(CFA3S) 0.0248394012451 0.0 52585.69500099065 0.0592176602112886 0.00047183503755180177 2.379002874876199e-06 -0.4616510309606008 0.24502531289196888 1.7525393685521065 0.16263990949103627 -2.7662372124089e-08 -6.527103555052451e-08 0.03031382945875261 12.649762866354884 EXP_PCA 16.380524530974434 0.005474306371733118 6.365368515329491e-05 0.00015019470954714565
2002kf PS1_LOWZ_COMBINED(CFA3S) 0.0194761697203 0.0 52638.91989036581 0.15481403900776058 0.0008676347875689519 8.594938396113039e-06 -2.2061723895735073 0.25946618062587334 -0.23558324118716678 0.15794666798101265 1.5265164726405775e-06 5.353106132812033e-07 0.03613161406811148 26.765379212953043 EXP_PCA 15.71915760848891 0.010755488286117255 -0.0019102440626538762 -0.0006698741474614875
2003ae PS1_LOWZ_COMBINED(CFA3S) 0.0337971225381 0.0 52666.09609155399 0.4487436605995754 0.0002364578075130441 7.056045907342093e-06 -2.9340625475737148 0.6697144359195639 0.6704382206298065 0.31921356180865385 1.3487671892621965e-06 -2.3699737147783033e-07 0.17760470467004963 3.510121644786558 EXP_PCA 17.130615854006642 0.03239903382599926 -0.0061930937471415225 0.0010882137043912044
2003ch PS1_LOWZ_COMBINED(CFA3S) 0.029224387 0.0 52725.39204878756 0.20084036935440963 0.00036055659920486373 4.925195513728222e-06 -1.9020953098580213 0.4513942467611164 -0.627643312360451 0.30663414139494244 1.5536478445554943e-06 6.27698906715743e-07 0.1238310232219696 18.550698539169794 EXP_PCA 16.672566378034446 0.014831133576697303 -0.004678465788723182 -0.001890175995145632
2003cq PS1_LOWZ_COMBINED(CFA3S) 0.0337450504303 0.0 52739.2645851921 0.1141502837963344 0.0002587149622933902 3.291710201940922e-06 -0.15942042150494862 0.357212276639305 1.827249548597094 0.21708504253833377 7.13517690274143e-07 -2.8241208424298134e-07 0.02953394731563908 3.9270806981043207 EXP_PCA 17.03294613488093 0.013814156360102648 -0.002994384175537214 0.001185184736923279
2003fa PS1_LOWZ_COMBINED(CFA3S) 0.0401637516916 0.0 52807.2125504859 0.034350676793110324 0.0004223224301089172 1.211884060406168e-06 1.3398913170672901 0.09766647689627322 -0.46138984039564046 0.07930287658603834 -1.7635850501436204e-08 -4.4755421085484396e-08 0.006096737033554637 6.572806160788741 EXP_PCA 16.500889630004856 0.0031155967728565175 4.533948477747879e-05 0.00011506038412208829
2003hu PS1_LOWZ_COMBINED(CFA3S) 0.074723862 0.0 52896.66399949485 8.540573233090981 0.00011180228638984292 1.6284958499084914e-06 6.814917648210514 0.3608052270069429 2.963332769040909 0.26755666408303125 6.365978382283743e-08 -2.270090007018445e-07 0.03603304703486343 1.4818313393408031 EXP_PCA 17.943873287270257 0.015814675715832595 -0.0006182139410148031 0.0022045335460183202
2003ic PS1_LOWZ_COMBINED(CFA3S) 0.0549093857408 0.0 52902.49186394297 0.438535319386574 0.00017371736111428227 5.885815204267852e-06 7.451737226840548 2.041876992455746 8.080896669581179 1.548291958332612 6.2341335895110115e-06 2.5992654873622503e-06 3.0085387048947854 0.9340334630806029 EXP_PCA 17.465391941225967 0.03678643643213896 -0.03896343174921953 -0.016245449662057168
2003it PS1_LOWZ_COMBINED(CFA3S) 0.0241878125817 0.0 52933.62140569622 0.2686126334083383 0.00046904889772209074 7.696961380654061e-06 -1.4302267719011077 0.7723391834536253 1.6420837691050998 0.593593926404352 4.301457859220524e-06 1.9896566193431297e-06 0.4154790054694355 10.108812037320991 EXP_PCA 16.386954700760636 0.017816627814681785 -0.009956847897261707 -0.0046055800091389055
2003iv PS1_LOWZ_COMBINED(CFA3S) 0.0335774756968 0.0 52933.49334179658 0.23659234172009747 0.00027312419571358035 3.6018108414814305e-06 6.060874771460565 0.6379880552416769 6.648102169663722 0.5831585895538449 8.243670046613668e-07 1.0345179145687807e-07 0.34532547625151905 35.62131686600104 EXP_PCA 16.974099561446415 0.01431808860093712 -0.0032770626587308098 -0.0004112464482993274
2003U PS1_LOWZ_COMBINED(CFA3S) 0.0281753148884 0.0 52677.142278531435 0.0791951616811275 0.00039387945306360825 4.4895826197442285e-06 -1.6539394503271108 0.4309476270714236 0.9910832164918127 0.5771983892819598 -5.553279878576648e-07 -1.6608075850299665e-06 0.2201866903709045 24.404083652073286 EXP_PCA 16.576591684520928 0.012375619892317582 0.001530772161997442 0.0045780477000732225
2004as PS1_LOWZ_COMBINED(CFA3S) 0.0321264415979 0.0 53086.05337326728 0.11239824406220578 0.00032073028171494296 2.7078817270578585e-06 -1.935012780915669 0.4490785436980866 -1.5224466038029631 0.4025550706504377 4.787746553342432e-07 6.579104851402732e-08 0.16221085913563096 2.6774461123222055 EXP_PCA 16.799650085672745 0.009166721687610175 -0.0016207480454838634 -0.00022271586873161145
2004L PS1_LOWZ_COMBINED(CFA3S) 0.0334101244807 0.0 53031.24775360922 0.558906687576382 0.00021693712504663662 7.180836709158814e-06 0.16942821789664314 0.5022437884573044 3.096120786624274 0.24203475036418745 2.506640061133549e-06 -7.811744934733488e-07 0.028481902065158906 6.096845207686165 EXP_PCA 17.224165299042298 0.03593895878316759 -0.012545339420741163 0.003909655526297193
2004ef PS1_LOWZ_COMBINED(CFA3K) 0.0297877304256 0.0 53263.463651063124 0.3569619409390725 0.00029968926622200636 6.62404361503893e-06 -2.1754183223211303 0.9321340011169191 1.3102316673690957 0.554703391140337 5.065172222014656e-06 2.1934306154736962e-06 0.4718680319101155 2.0888987493079805 EXP_PCA 16.873322029055913 0.023998069952285057 -0.018350476592320034 -0.007946520947735649
2005hf PS1_LOWZ_COMBINED(CFA3K) 0.0420519895852 0.0 53664.798504029604 0.5204616493138019 0.00017476272340809717 6.8488642465013705e-06 -1.6294115303808425 0.6939802641325075 1.128071545064558 0.39176399442780047 2.7182989952387593e-06 1.0405334616300306e-07 0.2162862940158178 5.038836759392341 EXP_PCA 17.458877990246457 0.042549462087150755 -0.016887786920077398 -0.0006464449795256993
2005hj PS1_LOWZ_COMBINED(CFA3K) 0.0559228286147 0.0 53673.13028765378 0.5493436071701581 0.00018469963500065604 4.909674679159413e-06 0.5810466132411561 0.4426933060832397 -2.322992080471829 0.4827486351034125 -9.201404920322022e-08 -1.258522292360623e-06 0.17041690203109347 1.9319734136145073 EXP_PCA 17.39883490700521 0.028860975024280342 0.0005408943258928329 0.0073980829323581
2005lz PS1_LOWZ_COMBINED(CFA3K) 0.0391672551632 0.0 53735.752068684065 0.11367896866431693 0.00015293025531609237 1.441824754540018e-06 -2.096941840968657 0.3954760222231032 1.7618285466097985 0.45973724765353174 8.815685344211628e-08 -2.3781109517231552e-07 0.14012825592862305 3.6138926107343234 EXP_PCA 17.603766466047716 0.010236308921900259 -0.000625874110272215 0.001688352088264608
2005mc PS1_LOWZ_COMBINED(CFA3K) 0.0260238852352 0.0 53733.779260573574 0.08510060628759675 0.00020155976150490685 1.6406515781447422e-06 -3.689619128674308 0.4533263554313761 5.083138110635376 0.3266342191140503 4.6498198312433233e-07 9.5511692342726e-08 0.12375341763147457 8.89980641167559 EXP_PCA 17.303990410484612 0.00883765095019694 -0.002504705154783739 -0.0005144901024885015
2005ms PS1_LOWZ_COMBINED(CFA3K) 0.0258950144053 0.0 53743.97106395258 0.04566971080930671 0.0006635250009174566 2.5190328343751367e-06 0.07394387447122783 0.15597040166228565 -0.52898373688038 0.14901006469554073 3.548389571804433e-08 -7.710951784801011e-08 0.019425212986450183 4.183999780887879 EXP_PCA 16.01035677184085 0.004121932324289033 -5.806284648456736e-05 0.000126175494733834
2005na PS1_LOWZ_COMBINED(CFA3K) 0.0268325824291 0.0 53741.46226144265 0.31469786254820065 0.0006488263215882942 1.0909951152784315e-05 -0.5266297618902335 0.23060708111365505 0.2914408570003697 0.1708444321458709 8.380728930934953e-07 -7.713176235597622e-07 0.02521254661737295 4.4755871073878986 EXP_PCA 16.03467884994896 0.01825654811556327 -0.00140241857024318 0.0012907113065585972
2006ac PS1_LOWZ_COMBINED(CFA3K) 0.0239493455738 0.0 53781.505760252716 0.06167981449470972 0.0006106078336768209 2.416896591101463e-06 -0.9356798563384161 0.16909302701472298 1.3598289115832636 0.097290722488373 2.358927001602626e-07 4.809837940428394e-08 0.013185729994856149 8.386499546637777 EXP_PCA 16.10059407075834 0.004297540888583225 -0.0004194463792904879 -8.552486396213461e-05
2006ah PS1_LOWZ_COMBINED(CFA3K) 0.050973455 0.0 53776.45659958895 1.1319105814873183 9.483004029300378e-05 6.607905574841036e-06 0.43686761531755197 1.7694231751624834 1.021109199423774 1.1953289812135508 2.624972047113338e-07 -2.7808194262021597e-06 1.8483910162271706 2.00628493172715 EXP_PCA 18.122635162275692 0.07565579744625815 -0.00300540543821669 0.03183839551890563
2006ak PS1_LOWZ_COMBINED(CFA3K) 0.0388988517225 0.0 53782.23631240974 0.4640390065869724 0.00021052179856269722 6.724176876483553e-06 -1.05023305271629 0.4557466634037128 1.7172711070188742 0.3242728716620633 4.403299760714128e-07 -1.174751937290016e-06 0.09859275899378217 2.867406513047845 EXP_PCA 17.25675732076622 0.03467898494046616 -0.002270939163188995 0.006058615870819971
2006al PS1_LOWZ_COMBINED(CFA3K) 0.069045935 0.0 53786.81353660306 0.7707214382280654 7.013488126702671e-05 3.3349996115495023e-06 -1.947163014043206 0.8677825632258921 -0.5475307702070493 0.7229555030033449 1.7619261335194053e-06 5.152087778016095e-07 0.5055618802053161 5.680113527457086 EXP_PCA 18.45016483475213 0.05162808798845063 -0.027275828499490146 -0.007975786270153449
2006ax PS1_LOWZ_COMBINED(CFA3K) 0.0177266895771 0.0 53827.42206142504 0.029185846255131764 0.001720406842948635 3.6323842655974023e-06 -0.0855903549184063 0.10450818528209463 -0.4429310473827881 0.07293309202439364 5.188880961430797e-08 2.17511588141315e-09 0.006458632390666154 5.595123407517278 EXP_PCA 14.975922096751326 0.002292371204472486 -3.2746649114402475e-05 -1.3726997609164682e-06
2006bb PS1_LOWZ_COMBINED(CFA3K) 0.0252423547208 0.0 53813.48505539231 0.2589075982104987 0.00042146319891477063 7.947590389288204e-06 4.595745815846427 0.38931751920764107 4.918545951706545 0.22877313665721663 7.393134050971812e-07 -6.824666239766973e-07 0.06433674684624688 8.57717703057825 EXP_PCA 16.50310085215918 0.02047387921046681 -0.0019045537846338683 0.001758110136539811
2006bq PS1_LOWZ_COMBINED(CFA3K) 0.0214557219297 0.0 53847.238811952695 0.12951257965687546 0.0005916638963598532 5.581375952708494e-06 -1.3027786900147402 0.15084946989952114 1.5337192983470436 0.10584576033631365 2.948239303309474e-07 -1.8225504618347734e-07 0.011242870541471281 14.682096880106384 EXP_PCA 16.13481232697678 0.010242135748868383 -0.0005410183334808566 0.00033444816112442673
2006bw PS1_LOWZ_COMBINED(CFA3K) 0.0307938195765 0.0 53847.5718436023 0.2908157632155053 0.000306704549832947 5.948411594199576e-06 4.347633233329355 0.3912405102909343 4.524346852033636 0.20991677468335818 8.786444605128021e-07 -4.684066633385541e-07 0.05380350892721814 8.673031640865076 EXP_PCA 16.848199453484558 0.021057417740112456 -0.003110407401548255 0.0016581627928689735
2006cj PS1_LOWZ_COMBINED(CFA3K) 0.06839191 0.0 53878.18752101119 0.44813771370900213 0.00011231437690960174 4.413837353339659e-06 0.1046340411747426 0.7877666999137711 -2.618310506382455 1.3218196932144737 -1.5672365295005195e-06 -4.4407231001867174e-06 0.9499761883665405 0.8892496943899827 EXP_PCA 17.93891161974557 0.042668295442637845 0.015150379571332747 0.04292819831123772
2006cp PS1_LOWZ_COMBINED(CFA3K) 0.0233412664384 0.0 53897.15297281756 0.08178238957407302 0.0008125559555897602 5.528498836614747e-06 -2.5755665001013814 0.2918683201444687 -2.7036533708689223 0.3824952842723842 3.047859745485475e-07 -1.629613323694145e-07 0.09808551124886535 7.83583616972662 EXP_PCA 15.790366805512381 0.007387172912318599 -0.0004072546204275438 0.0002177487191028915
2006cq PS1_LOWZ_COMBINED(CFA3K) 0.0492143444717 0.0 53889.84337741152 0.34898580301887705 0.00017614984796460796 9.599951283052162e-06 0.08646276936204533 0.9477118635577645 0.20324073156689892 1.943559133633295 -6.611122953515202e-06 -1.7259625747713325e-05 1.708291439140562 0.7012445833855134 EXP_PCA 17.450294318308185 0.059171295305450296 0.04074903059911322 0.106383291109244
2006en PS1_LOWZ_COMBINED(CFA3K) 0.0308004785329 0.0 53971.56548667671 0.38670541075771325 0.0003825674063312499 9.098634019874787e-06 -1.3095060532205287 0.2899311264322647 -0.032018867005767324 0.2717846597601225 -1.1572750962630865e-06 -1.8686787085841042e-06 0.06752986285597977 4.909203332027454 EXP_PCA 16.60823008350743 0.025822158933917302 0.0032843766878295775 0.0053033585595467355
2006ev PS1_LOWZ_COMBINED(CFA3K) 0.027618188411 0.0 53991.09971964057 0.6407183863666432 0.00024041193607916467 1.0685816374724002e-05 2.6395980567139827 0.5598936696784843 4.690339919988481 0.5354887857869379 -1.9454677421030377e-06 -4.6362530257383715e-06 0.22225962046736875 2.635390262006803 EXP_PCA 17.11260993521909 0.04825874249278008 0.008786022845782403 0.020938011009594897
2006gr PS1_LOWZ_COMBINED(CFA3K) 0.0334425754845 0.0 54012.66225214732 1.1755004379665479e-05 0.00032774578623472874 1.2263793093972939e-06 -1.8612728860540022 0.18040988184874443 -0.7526523102260767 0.20853033145570862 -1.3906062332737791e-08 -9.780118307431193e-08 0.033426380902505735 9.394617784028707 EXP_PCA 16.776157208108955 0.004062674404684145 4.606715318519283e-05 0.0003239897804693933
2006gt PS1_LOWZ_COMBINED(CFA3K) 0.0436230711639 0.0 54003.24271378747 0.3446872721433465 7.19161363532585e-05 2.3821395247290987e-06 -8.419555959266269 0.6756598605379133 1.0517859912433711 0.4981669619011914 8.987505611443855e-07 -4.4203161860678506e-07 0.13696362001895535 6.746790192694092 EXP_PCA 18.42293413207794 0.03596376638031832 -0.013568665848341712 0.006673463791377307
2006hb PS1_LOWZ_COMBINED(CFA3K) 0.0149638876319 0.0 54000.264956525265 0.1460761756170541 0.0010499245797749683 1.1009268118677443e-05 0.08126726851052316 0.19730230135514426 4.22055568508802 0.1118692852793416 8.89344599892721e-07 -3.3276871708457617e-07 0.012243799495635177 51.43399280772958 EXP_PCA 15.512104742239375 0.011384780597192473 -0.0009196790409617965 0.0003441190452242552
2006is PS1_LOWZ_COMBINED(CFA3K) 0.0315313190222 0.0 54005.155154792665 0.2833508018266002 0.0007234534952300554 1.2821426283497342e-05 2.3454857903870194 0.4717704205419708 -0.696031302770831 0.23758989043681414 -1.5977958263329103e-06 -1.568658964704282e-06 0.10370943855274493 3.6430756521274668 EXP_PCA 15.916473452012308 0.01924199247693704 0.00239792161887257 0.0023541939352387103
2006je PS1_LOWZ_COMBINED(CFA3K) 0.0371210686862 0.0 54013.48549760326 0.6003763325206819 0.00011116809928678867 5.578953882858918e-06 7.709553131365519 1.242833660055019 8.554722380829423 0.936457154320786 -5.009583088480858e-06 -4.686338384511226e-06 1.0790725111409354 1.5748145603767971 EXP_PCA 17.9500495492261 0.054487503646792355 0.04892667739039146 0.04576967029620017
2006mo PS1_LOWZ_COMBINED(CFA3K) 0.0359698496759 0.0 54047.2558375984 0.21120198369317222 0.00017350174961123954 2.6831289082869197e-06 1.076046230205024 0.3831156128960368 4.21103452505018 0.26687339836273105 3.99629313079393e-07 -1.1143029292677092e-07 0.07927301499416428 20.50631396046274 EXP_PCA 17.466740353441047 0.01679043700877785 -0.002500793304189313 0.0006973065321155788
2006mp PS1_LOWZ_COMBINED(CFA3K) 0.0227990057319 0.0 54053.92678529588 0.07411110308385105 0.0007692394232221666 3.999176783487056e-06 -0.07460492026701157 0.2673424797100484 0.1883124124632247 0.3121047739577007 -2.967297103866058e-08 -4.4069679625506957e-07 0.07563595275562843 9.440662259963888 EXP_PCA 15.84984616609849 0.005644602827130478 4.1881653470727705e-05 0.0006220176093040078
2006N PS1_LOWZ_COMBINED(CFA3K) 0.0140832765028 0.0 53760.2049109369 0.0851416243276617 0.0014265791779281267 7.799532937431474e-06 -1.5368517400402486 0.11674393921916892 1.484380239778826 0.07954533176974742 4.372157517975478e-07 -1.831140368134509e-08 0.006855970556302386 58.62005996800138 EXP_PCA 15.1792602978669 0.005936042963049274 -0.000332754731291233 1.3936383093472653e-05
2006oa PS1_LOWZ_COMBINED(CFA3K) 0.0588447116315 0.0 54066.924273327815 0.16246566628979053 0.00014979333764985958 3.667018569175313e-06 0.5714416892218049 0.312546039830827 -1.22811681816267 0.6474117634232657 -3.0721056947736475e-07 -2.0694781615947558e-06 0.13519900132936644 2.0180181789515963 EXP_PCA 17.626268755747702 0.02657938521525242 0.00222673212974002 0.015000048735490792
2006ob PS1_LOWZ_COMBINED(CFA3K) 0.058239351958 0.0 54062.68974654256 0.14657086627266835 7.128978301626453e-05 1.4066266673053495e-06 -2.172180041304016 0.6184931892475679 4.358353454060174 0.6161713252665955 2.911709897580415e-07 -4.781027961607063e-07 0.20741056772164307 3.636558806658572 EXP_PCA 18.4324317678529 0.02142278226493206 -0.004434504805316059 0.007281457362120817
2006on PS1_LOWZ_COMBINED(CFA3K) 0.068843085 0.0 54064.669797102484 0.3454006264182681 8.682856201119861e-05 3.318564986154657e-06 -0.19907347640346584 0.9638945608733843 0.08893838336128108 1.1811130327777373 1.323290467421407e-08 -2.6477129926337367e-06 0.7884352066909969 1.4798684723025193 EXP_PCA 18.21834347843411 0.04149655447300933 -0.0001654690964138537 0.03310797494884436
2006or PS1_LOWZ_COMBINED(CFA3K) 0.02166968 0.0 54055.27811660373 0.7764898726381944 0.00041977616185231867 2.3145084964747317e-05 -4.229766447899715 2.104574005099249 0.4869533035804459 0.899857087421899 3.4589989477895223e-06 -1.081732252823525e-05 1.50652728484004 0.7704456124864476 EXP_PCA 16.50745556915981 0.05986394414952506 -0.008946578512851813 0.027978622358224032
2006qo PS1_LOWZ_COMBINED(CFA3K) 0.0288509558886 0.0 54081.74549051663 1.8063001334667206e-06 0.0004044244855022418 1.3724718450745849e-06 -2.2832874536888492 0.15320677819310524 0.01295225468957828 0.12406417798573083 6.311414973004753e-09 -3.0096920287559026e-08 0.015418624491182325 33.75220763549375 EXP_PCA 16.547906395829486 0.0036845997846992563 -1.69439091476716e-05 8.079954893764996e-05
2006sr PS1_LOWZ_COMBINED(CFA3K) 0.0229789093137 0.0 54092.244208047305 0.09349868044591858 0.0005977450193582589 4.419174816638621e-06 -2.0309420592595924 0.3528697794212129 0.09714087696490027 0.25660475334885724 8.560103764485481e-07 3.0216662187410866e-07 0.08194473852792533 5.9862928995055205 EXP_PCA 16.123710084765044 0.008026931113087533 -0.0015548460083475608 -0.0005488514845182652
2006td PS1_LOWZ_COMBINED(CFA3K) 0.015038295649 0.0 54098.55995587863 0.18734045177552616 0.000915792019046025 9.555099867580232e-06 -1.8471881947935083 0.19643536362169745 1.710349724135046 0.1408447486622888 1.0871696850892218e-06 -2.0665013215713707e-07 0.01759294980685291 4.512239815656124 EXP_PCA 15.660507863964936 0.011328246643946879 -0.0012889165479367868 0.00024499834627820654
2006te PS1_LOWZ_COMBINED(CFA3K) 0.0320968218148 0.0 54097.297089778964 0.2764254660687584 0.00042270081820169994 6.788124393759728e-06 -0.756419432866163 0.25941485187068086 -0.47507541745987447 0.20535934381972049 5.886278064383957e-07 -3.6485201317809734e-07 0.03820373147709023 2.5592638728922044 EXP_PCA 16.49991727881792 0.017435765674789806 -0.0015119311178446082 0.0009371475592870226
2007ae PS1_LOWZ_COMBINED(CFA3K) 0.0641554668546 0.0 54156.04682602312 0.4814009708170488 0.00014869821521357388 3.58375042475392e-06 -1.0921511123249488 0.6644833579002491 -2.438710440639046 0.5813526106287553 1.6053183449284453e-06 7.608156601064826e-07 0.3465511031266802 1.3909193560846247 EXP_PCA 17.63423561042928 0.02616714383144436 -0.011721406640609814 -0.005555178359996605
2007ap PS1_LOWZ_COMBINED(CFA3K) 0.0166797731072 0.0 54168.683060906995 0.1561492479449953 0.0009708778197712425 8.503904947516785e-06 2.445317075237239 0.17454603177970182 3.3168792051384814 0.11225793827137627 -3.906391759046418e-07 -4.88037985709051e-07 0.01688778986706536 44.317784717962766 EXP_PCA 15.597088551228484 0.009509947900052168 0.0004368532143174129 0.0005457746583461937
2007ar PS1_LOWZ_COMBINED(CFA3K) 0.0533468127251 0.0 54167.604778238325 0.37259791666656383 9.098455156387866e-05 2.4757878110418998e-06 7.008667604915111 1.3591016740324176 7.822035404364407 1.1510717645348405 -1.2162061586202115e-06 -1.588526508962443e-06 1.45153914644863 1.6561067029846803 EXP_PCA 18.16758085271679 0.029544053529349266 0.01451322269733546 0.018956193258672795
2007bd PS1_LOWZ_COMBINED(CFA3K) 0.0318515859544 0.0 54207.04264454212 0.04178725690871943 0.0003726827313942344 1.3250160483577026e-06 0.5302971968249943 0.19309526022493959 3.7575592777688915 0.23060536730623046 2.418693192876382e-08 -7.53918962295783e-08 0.039635017058732756 35.422238980723975 EXP_PCA 16.636651825560687 0.0038601678435851525 -7.046376304809256e-05 0.0002196391310528198
2007co PS1_LOWZ_COMBINED(CFA3K) 0.0265620201826 0.0 54265.10121739689 0.04020721082633827 0.00048034134931723645 1.5854811390138098e-06 -1.4352783293104832 0.12586309604350707 0.6413307795970213 0.10413998880418507 7.516657170852926e-08 -1.912570701649166e-08 0.010403744531395828 4.499713536619344 EXP_PCA 16.36112506573992 0.003583731188321162 -0.0001699022339165708 4.323065790383839e-05
2007cq PS1_LOWZ_COMBINED(CFA3K) 0.0251003727317 0.0 54280.84308683597 0.054482349412865005 0.0008291459557603088 4.279614460541027e-06 0.10888470916724634 0.15806312858525426 0.7351319824884208 0.18752689654432403 -2.9915895526318e-09 -4.275233752692666e-07 0.02291674508772011 9.257247767372881 EXP_PCA 15.76842253308796 0.00560399810182401 3.9173767471254265e-06 0.0005598261725640311
2007F PS1_LOWZ_COMBINED(CFA3K) 0.0241917762905 0.0 54123.80065689317 0.03104004068154609 0.0008417661248354124 1.7541567958161283e-06 0.26545823934972657 0.10262123620785527 -0.3226206486354031 0.08265990876026383 3.9724896396822925e-08 -2.950239235535154e-10 0.007177297506106684 3.221943060726663 EXP_PCA 15.752021388834784 0.002262566152103679 -5.123841049879457e-05 3.805310591875826e-07
2007O PS1_LOWZ_COMBINED(CFA3K) 0.0365868210793 0.0 54124.445680267396 0.30651785631562234 0.00035044297888618057 6.3421503856364546e-06 0.16184822602530066 0.25751382463912187 0.4978876661277857 0.1536436345424943 9.021890789171209e-07 -2.1162033623626696e-07 0.02339800498899845 5.22286492013169 EXP_PCA 16.703456591673156 0.019649137533278092 -0.0027951461593866017 0.0006556383621811072
2008af PS1_LOWZ_COMBINED(CFA3K) 0.0341075770557 0.0 54501.97851721408 0.36042007636569906 0.00030582096380407306 8.111867015056337e-06 -0.33937478867046256 0.3828833094193684 1.5247713962354306 0.3197905062558297 2.818403603084396e-07 -1.3130140620520467e-06 0.09468938713410387 5.78581008704757 EXP_PCA 16.85133186833304 0.02879903194626131 -0.0010005994335463328 0.0046615081150544
2008bf PS1_LOWZ_COMBINED(CFA3K) 0.0245305094868 0.0 54554.86903716136 0.06912038823429612 0.0009674181236397221 3.944505116120354e-06 0.18955641324310474 0.16864431762979 0.03741819534313249 0.10953410490001808 3.178981674604999e-07 8.20498397609354e-08 0.015252854608854184 6.185637050231412 EXP_PCA 15.600964451964227 0.004426929690248871 -0.0003567780480890254 -9.208477642313304e-05
2008L PS1_LOWZ_COMBINED(CFA3K) 0.0173041541129 0.0 54492.417035458675 0.21865123922543717 0.001330997521325765 1.813573339894858e-05 -0.3266417124411307 0.35820781805355983 1.3494230753704675 0.18138067990114712 2.9567872899205043e-06 8.477499428022142e-08 0.05140276826609603 40.12899528099584 EXP_PCA 15.254556883243335 0.014793883561455825 -0.0024119436430187287 -6.91536077817172e-05
2007A PS1_LOWZ_COMBINED(CFA4p1) 0.0159502848983 0.0 54113.01972671428 0.1011749732788303 0.0011130372135560447 1.0246764865140265e-05 -1.3781769087284181 0.3295418299507489 -0.26305757698346416 0.2654288523537166 1.2863952190711008e-06 -3.451457803976058e-07 0.06486467411463608 6.516731930000186 EXP_PCA 15.448725787788874 0.009995428239260886 -0.001254842017825249 0.00033667991072816925
2007aj PS1_LOWZ_COMBINED(CFA4p1) 0.0315553285182 0.0 54161.479821743866 0.30055541042383993 0.00038308848887775275 6.977787873140077e-06 -0.2394094236119714 0.32881686981572916 0.33544934919740993 0.23041658881054825 -6.457240581452398e-07 -8.709233499756265e-07 0.06641911705364578 3.1688286010107642 EXP_PCA 16.606752243978487 0.01977620613238524 0.0018300888921654699 0.0024683409710583104
2007cb PS1_LOWZ_COMBINED(CFA4p1) 0.0375284217298 0.0 54219.78099953498 8.544841468967206 0.00032388433774265397 2.4114859458368244e-06 3.1331416879696388 0.2842505633983587 2.541904236382865 0.19999603005384753 4.798404688024028e-08 -1.3271719617619556e-07 0.044110688833496774 3.784598375179305 EXP_PCA 16.789025132262314 0.00808386603967492 -0.0001608537705521387 0.0004448991448205679
2007cc PS1_LOWZ_COMBINED(CFA4p1) 0.0300236251205 0.0 54215.119292717056 0.26614754547335906 0.0008066439139027034 1.596700919925147e-05 -2.3469598602695805 0.9437672090003482 -1.6669924251419643 0.4946132955032592 -5.212240504668585e-07 -1.9691523364487513e-06 0.4440617524347187 4.555005861370828 EXP_PCA 15.798295346453026 0.021491465652370218 0.000701563369696243 0.0026504631690859714
2007fb PS1_LOWZ_COMBINED(CFA4p1) 0.0168142337352 0.0 54289.23408039482 0.13309043120170827 0.0008742043545576439 9.86455726342787e-06 -5.245993541308823 0.44488855532462596 -2.6933892067726934 0.30625920777948407 2.188698119379748e-06 6.561948272114813e-07 0.1229818918959372 17.657939270726732 EXP_PCA 15.710967586369387 0.012251491209092566 -0.0027182989619161523 -0.0008149747568336231
2007hu PS1_LOWZ_COMBINED(CFA4p1) 0.035403238 0.0 54349.64680377979 1.6539120574343542 0.00019548696608397611 2.33217758537847e-05 -2.0332289673319237 1.7658835319610637 1.6100348657701817 1.1314262418113157 6.8858998751034685e-06 -6.762462820981422e-06 1.6889584041551493 2.4310182297612233 EXP_PCA 17.337205483733058 0.12952933339213327 -0.038244344093650254 0.03755877368783903
2007is PS1_LOWZ_COMBINED(CFA4p1) 0.0296811852604 0.0 54365.66532244475 0.6727734952692117 0.0005095908109777133 1.6930456818845472e-05 0.38467388269646974 0.5903464929643307 1.0766506217680287 0.37561372876471144 7.661184909060586e-06 1.9107070274778244e-06 0.1726020299684617 0.8056898340747028 EXP_PCA 16.29694602967261 0.03607209850594932 -0.01632295097934464 -0.004070959977551848
2007kh PS1_LOWZ_COMBINED(CFA4p1) 0.0494341179729 0.0 54365.12365948286 1.4801217634048953 0.0001783221178760977 1.0507485576256515e-05 1.350524090330914 0.9310146330498237 0.7536125118217074 0.8506853415790409 5.942041416278673e-06 2.5016261515462905e-06 0.6845172656154168 1.837820192442701 EXP_PCA 17.43698696629318 0.06397612167797562 -0.03617885191509822 -0.01523145931561203
2007kk PS1_LOWZ_COMBINED(CFA4p1) 0.0411875732243 0.0 54384.26966546865 0.1654449388552166 0.00034806251712244583 2.894763965022689e-06 1.4324778377616214 0.2674939225445165 0.4904832822539701 0.24833396306396616 1.9508910667608526e-07 -1.4610574572347384e-07 0.055598919060918406 1.4661121612898826 EXP_PCA 16.710856858504147 0.009029843451797663 -0.0006085553481118785 0.00045575806084099295
2007nq PS1_LOWZ_COMBINED(CFA4p1) 0.0424275435507 0.0 54397.90318893215 0.38687073116670945 0.0001780695647230333 4.920489569403034e-06 -1.2599085988835428 0.4851609901136218 0.8257562455932282 0.3560718880571634 7.758020140419259e-07 -4.892129923772307e-07 0.12873153528491876 2.873397191465993 EXP_PCA 17.43852575724255 0.03000149789182126 -0.004730265588505929 0.002982858179544464
2007ob PS1_LOWZ_COMBINED(CFA4p1) 0.0326566584408 0.0 54398.89238173222 0.5986102905226289 0.00031960732146426885 1.537677435301071e-05 -3.387904272390726 0.8557428780618982 0.021202542610711778 0.49439416334200936 3.0313297189690634e-06 -1.7586787473289172e-06 0.34849788427048656 1.5764799527292468 EXP_PCA 16.803458201405817 0.05223635225554887 -0.010297712860160332 0.005974397519323262
2007su PS1_LOWZ_COMBINED(CFA4p1) 0.0266206469387 0.0 54461.12707182908 0.5893710642812948 0.00034229009760850687 1.5158464433259848e-05 -1.1023895764748066 0.547801864201324 2.3420473952144754 0.5384434654646267 2.4095357345980055e-06 -4.579730336189358e-06 0.1633836641109272 4.382982763791792 EXP_PCA 16.729014161855787 0.04808229556950996 -0.007642991141110103 0.01452679779161198
2007ux PS1_LOWZ_COMBINED(CFA4p1) 0.0304270070046 0.0 54465.57321732832 0.20257004789891653 0.0001791419615040627 2.9425715095948953e-06 -3.782375187428045 0.48241382939360916 2.752942000133709 0.26735293479055944 7.020877565809522e-07 5.4815712543108116e-08 0.10802355570756017 6.190752413852168 EXP_PCA 17.43200668703596 0.017834215927040112 -0.004255184490765247 -0.0003322248076217312
2008C PS1_LOWZ_COMBINED(CFA4p1) 0.0170783828944 0.0 54466.641825753715 0.3631169763721118 0.00110949076582921 2.9665658652749066e-05 -0.4904707414139867 0.33223156190168995 1.7058186241117237 0.18435415546923295 6.301896413003876e-06 -1.9312110444702194e-06 0.025444576536579083 2.1433637689398046 EXP_PCA 15.452190770006492 0.029030507174355392 -0.0061669707445649495 0.0018898631828116082
2008Y PS1_LOWZ_COMBINED(CFA4p1) 0.070289363 0.0 54504.53169880646 0.6179323549113178 6.754512761138738e-05 3.0621840807725224e-06 -3.3958791138788187 1.1149692627363512 -0.08786030199216292 0.8907081915442565 2.077398058935918e-06 6.810899899172806e-08 0.7451194374209165 0.9693400345267632 EXP_PCA 18.491014933696192 0.04922226428021741 -0.03339258306324874 -0.0010948000054216672
2008ac PS1_LOWZ_COMBINED(CFA4p1) 0.0535120628774 0.0 54503.34106502087 1.5214492136183253 0.00014468810790449049 1.3764514467165748e-05 -0.5795170794735609 0.866987343112299 -0.3493359914599295 0.9792656318523623 2.519100887666849e-06 -8.140681107981577e-06 0.4378756394276219 1.2029648305173752 EXP_PCA 17.663917906544107 0.10328859720650954 -0.018903274614550093 0.061087482159629586
2008ar PS1_LOWZ_COMBINED(CFA4p1) 0.0273902639747 0.0 54534.73745580474 0.08200553392089205 0.0005879751928242431 2.616716517677458e-06 0.5240923987185742 0.29204517257598955 0.613395719798017 0.30757181304434505 1.266066338078037e-07 -6.443250572111005e-08 0.08374668146086207 1.2278863522101482 EXP_PCA 16.14160249198148 0.004831945115208764 -0.0002337877647990787 0.00011897900639084594
2008at PS1_LOWZ_COMBINED(CFA4p1) 0.035134088248 0.0 54525.6859290686 0.8471658335729444 0.00018643635226318003 1.070816616907457e-05 -0.28658784617818434 0.7476738082380069 4.210188446021494 0.49389197387419764 3.3360444221127895e-06 -2.0599512820366412e-06 0.19995260397026446 1.618746454944619 EXP_PCA 17.388673507207862 0.06236039031657525 -0.01942788606299396 0.011996392655161453
2008bw PS1_LOWZ_COMBINED(CFA4p1) 0.0327615253627 0.0 54569.1741432251 0.40730746228291537 0.00023727564643283763 6.317519600183253e-06 4.437117803393996 1.1305070101078407 5.007853528015366 0.7819745015300734 -3.5300319972877974e-07 -1.0742699486883058e-06 0.820504526040712 3.217341767087061 EXP_PCA 17.126867086848115 0.028907980474640032 0.001615287367679716 0.0049156910728497425
2008by PS1_LOWZ_COMBINED(CFA4p1) 0.0458415560424 0.0 54574.25314917561 0.9432543728398741 0.0002775449229149062 1.5162358186884746e-05 1.846949549255677 1.0508746835848457 -0.5925740179526652 0.6932178945825055 8.95953539392635e-06 2.954674049895849e-06 0.679681946535723 0.9857318696612719 EXP_PCA 16.956666781848206 0.05931407809631906 -0.03504907188657235 -0.011558476932452506
2008bz PS1_LOWZ_COMBINED(CFA4p1) 0.0614346414804 0.0 54576.68650336873 0.9542511085201113 0.00011657346862794859 6.2347887697455925e-06 -0.6650177793670361 1.0366936850100648 0.3349378917361444 1.0607355685363424 2.533977881152081e-06 -2.582419040198351e-07 0.9150816455119007 0.5302062762755955 EXP_PCA 17.898500702407244 0.058069267184087496 -0.023600837823603175 0.0024052006694153306
2008cf PS1_LOWZ_COMBINED(CFA4p1) 0.0469273999333 0.0 54595.07443166176 0.5124459053768078 0.00031141360001069594 5.511841468182557e-06 1.1855536544042073 0.5249561725425599 -1.2590966986125036 0.613142753490065 -4.061651865144504e-07 -1.6990914727770008e-06 0.2903430335509841 0.45080184292322834 EXP_PCA 16.83165606226636 0.019216905866305978 0.001416085386431199 0.0059238425268724314
2008ds PS1_LOWZ_COMBINED(CFA4p1) 0.0199417900294 0.0 54652.45381834437 0.27588076892789104 0.0015227172626182664 2.4502420770017143e-05 -0.2810529008691177 0.5307873611935933 -1.4758079680196905 0.2319016735285202 8.789205849695456e-06 2.122399477672553e-06 0.10963920485477736 2.964571266983054 EXP_PCA 15.108451821902706 0.0174708502932986 -0.006266927706380507 -0.0015133249030792142
2008fr PS1_LOWZ_COMBINED(CFA4p1) 0.0395896881819 0.0 54732.794138557096 0.2803707233542809 0.00034774713288659016 5.43535559677106e-06 0.008187923946113469 0.3981810914194606 -0.8863340717895949 0.27610256010439443 1.4270683669810398e-06 6.11749258302333e-07 0.09950586276612092 1.1908740866785499 EXP_PCA 16.711841105005256 0.01697026890822322 -0.004455593292272187 -0.0019100037215530085
2008gb PS1_LOWZ_COMBINED(CFA4p1) 0.0364040955901 0.0 54746.95560488144 0.4810321754812321 0.00029843926022038713 7.838347314586745e-06 -0.4531185319327965 0.6306254420117664 -0.33655894260260105 0.38268345407980103 3.6616698701317956e-06 8.198454612000539e-07 0.1900613018077218 0.5797114987309602 EXP_PCA 16.877860113056133 0.028516279857518975 -0.01332132891945329 -0.002982636731086219
2008gl PS1_LOWZ_COMBINED(CFA4p1) 0.0329675003886 0.0 54768.175077223525 0.07394449089406407 0.0003117578969614045 1.883540362115366e-06 -0.9481418540894183 0.26930650772611214 1.649528460576092 0.2693342643774681 8.95516039839499e-08 -1.281347177666668e-07 0.05874493020712802 5.586393689343664 EXP_PCA 16.83045634211092 0.006559666921685274 -0.00031187475790412375 0.00044624531895324517
2009D PS1_LOWZ_COMBINED(CFA4p1) 0.0246628429741 0.0 54841.92446786099 0.25567323724681046 0.0009629815137306855 1.3917925087210415e-05 0.9057325717084614 0.20508478431463484 0.37282024173228 0.14656945484380865 1.2767049355885757e-06 -7.000571083934407e-07 0.0172544363854069 1.2985450137716308 EXP_PCA 15.60595512476866 0.01569209267969593 -0.0014394510710717314 0.0007892958869339351
2009ad PS1_LOWZ_COMBINED(CFA4p1) 0.0283352248371 0.0 54886.32165789432 0.10106595910110627 0.0006431335341401554 3.1896832547417257e-06 0.12843366716953802 0.1901541142455971 -0.23798834482259806 0.1457068368792233 1.4202358694611588e-07 -5.764514050801426e-08 0.02263172138043483 0.9554317635612979 EXP_PCA 16.04424711232698 0.005384814206607874 -0.00023976381589738079 9.731636239680374e-05
2009an PS1_LOWZ_COMBINED(CFA4p1) 0.00930773187429 0.0 54898.252105529544 0.07758344574540388 0.0026555547225197993 1.2762794147806424e-05 -2.0595369973808895 0.21286115186382903 1.148521376317977 0.11300092926130105 5.669638957720926e-07 -6.661863708593131e-08 0.020738311331867283 2.614431148559869 EXP_PCA 14.504611861818553 0.005218129215202154 -0.0002318058909538762 2.7237347279067025e-05
2009ds PS1_LOWZ_COMBINED(CFA4p1) 0.0205038152635 0.0 54961.213432865756 0.1987984975312429 0.0011923825770573777 1.4501217973352738e-05 -0.6756311466159881 0.3968142106818886 -1.0115066895558678 0.3034175092393878 3.231028119417069e-06 1.1902272148210768e-06 0.10512671808259454 1.3498359271457367 EXP_PCA 15.373960946122 0.013204232995095792 -0.002942045846141106 -0.0010837736175320603
2008050 PS1_LOWZ_COMBINED(CFA4p1) 0.0470199026167 0.0 54622.10958481282 0.38201235688393353 0.00026297829889141414 5.563166115343133e-06 -2.8064657746965054 0.6741427943534388 -1.9694328418364608 0.40501241731466947 2.199534803304365e-06 -1.256782835714782e-07 0.18376258396190856 1.918933646892872 EXP_PCA 17.01520022060606 0.022968172240728117 -0.009081032844307705 0.0005188772731462357
2008051 PS1_LOWZ_COMBINED(CFA4p1) 0.0390846207738 0.0 54617.54498999063 0.2441567860332725 0.0003885154146127407 5.283261220610227e-06 -0.803275957761395 0.34069007873785623 -1.3010586839650178 0.20040103412610355 1.0869474522187688e-06 4.23078662091488e-07 0.06112043687788661 2.4378825290695123 EXP_PCA 16.591479363982323 0.014764479788089832 -0.0030375582464851414 -0.001182325857910235
2009kk PS1_LOWZ_COMBINED(CFA4p2) 0.0124309100211 0.0 55126.70330732725 0.21241946451482363 0.00208021852985189 3.1176202481672035e-05 -1.7897120671299935 0.4097924528336877 0.21232514899378233 0.25028611643040666 9.00546347987032e-06 4.17541697466113e-06 0.09599883096269235 8.97258662929039 EXP_PCA 14.769727598502215 0.016271911472508425 -0.004700255093592736 -0.002179290932320472
2009kq PS1_LOWZ_COMBINED(CFA4p2) 0.0124703012407 0.0 55155.07798449869 0.13366473690621206 0.0029012018368826833 2.3326306343029513e-05 -0.3944037543740165 0.3697760886111386 0.13742138598964013 0.2183342758811144 6.656033884717844e-06 3.1576542437755213e-06 0.07372836714264082 0.40092362164636364 EXP_PCA 14.408555140596594 0.008729559935450458 -0.0024909321636512154 -0.0011817101075115137
2009le PS1_LOWZ_COMBINED(CFA4p2) 0.017025610432 0.0 55165.27019157065 1.1441068636486307e-05 0.0014444624630238667 9.034207814758674e-06 -3.392198101980331 0.25251275193027994 -0.9262983692866186 0.14265515780599014 -1.3472819578810346e-06 -7.177070632504032e-07 0.028598952576260227 15.517631497650969 EXP_PCA 15.165734349006746 0.006790599795344248 0.0010126900747746792 0.0005394674925302786
2009na PS1_LOWZ_COMBINED(CFA4p2) 0.0221200753003 0.0 55201.84025047533 0.07323314506720635 0.0008673088240310138 5.7167090374588025e-06 -0.5319139149743204 0.2676135179917212 0.42691187537922026 0.15756778066606097 1.1011291030907824e-06 5.087338593476288e-07 0.03633457738395398 1.1737306089014858 EXP_PCA 15.719565587649004 0.007156433558682521 -0.0013784429492853384 -0.0006368559322536066
2009nq PS1_LOWZ_COMBINED(CFA4p2) 0.0152608081698 0.0 55203.67907964586 0.6006986196916841 0.0014979103158898367 0.00010277367970925779 -0.18929732637834423 2.3387065640936395 0.963648808936409 1.5246661335456215 0.0002142573942037551 0.00011063525728676537 3.3371156450138244 0.022235265719946783 EXP_PCA 15.126285470730462 0.07449384904614251 -0.15530102674134996 -0.0801921871321207
2010A PS1_LOWZ_COMBINED(CFA4p2) 0.0198460221291 0.0 55213.29812360382 7.991133315954357e-06 0.0010550794380424534 6.668172782092325e-06 3.333687492866723 0.3340245468234551 3.2468196807254674 0.21859362911746216 9.883696089278801e-07 5.363416647272104e-07 0.06108549280956315 5.0637850519209895 EXP_PCA 15.506787101615469 0.006861925602998119 -0.0010170880309132272 -0.0005519258005776314
2010H PS1_LOWZ_COMBINED(CFA4p2) 0.0162116121501 0.0 55213.24464249051 0.8192775089555653 0.0013830572486861128 7.53964715565798e-05 -2.528162685698141 0.8378341170624294 0.23825296527718123 0.5853033902892395 3.5711459717340637e-06 3.4515973516259823e-06 0.4682855142809452 10.52136999411627 EXP_PCA 15.212899607076872 0.05918820710983718 -0.002803443225268682 -0.0027095944238517294
2010Y PS1_LOWZ_COMBINED(CFA4p2) 0.0112250130624 0.0 55247.201145610605 0.04200514924013987 0.0013035228129644662 5.7484002539257425e-06 -6.209967834074535 0.25219672914085534 -0.4785536212049097 0.1504536125598874 5.964744537983283e-07 4.5200900461565417e-07 0.0339271389469749 34.34284117016372 EXP_PCA 15.277203409593778 0.004787983925600955 -0.0004968182399733952 -0.00037648941492002746
2010dt PS1_LOWZ_COMBINED(CFA4p2) 0.0529409609735 0.0 55361.451185491904 0.1455800914154679 0.0001589541352680996 1.6364628039573933e-06 0.3671739264661412 0.9953785524478823 -0.03598586683488939 0.6006390381323676 8.456648290377855e-08 -1.2785907147879083e-08 0.5472932520139764 4.292707936171082 EXP_PCA 17.561820423057263 0.01117785901574544 -0.0005776313528605534 8.733413747125126e-05
PTF10bjs PS1_LOWZ_COMBINED(CFA4p2) 0.03052168 0.0 55261.705017403096 4.421748599270359e-06 0.0006985749850747617 8.659020165859054e-06 -0.08630594214563747 0.2899049820593902 -1.2333744056824847 0.23803966416398648 1.1734777179624637e-06 -5.989415302733946e-07 0.04172519480029529 2.491819482409122 EXP_PCA 15.954467424639226 0.013457985030479982 -0.0018238374850087754 0.0009308843257269903
2004eo PS1_LOWZ_COMBINED(CSP) 0.0145681118593 0.0 53278.14566875918 4.2553438106551766e-07 0.0015925601332064314 2.1675367125833145e-06 -1.6125751474605825 0.06733893931709703 1.2762777749987098 0.04501243138425091 3.948023056083005e-08 2.82798756054922e-08 0.002606773409106995 12.473304628548703 EXP_PCA 15.059760400579362 0.0014777294966287285 -2.6915853786812875e-05 -1.9279953184008987e-05
2004ey PS1_LOWZ_COMBINED(CSP) 0.0146194901317 0.0 53304.369137654205 0.011014049621735467 0.0023596239494972767 1.6038187465002016e-06 0.4340753935911023 0.03568068532894417 0.00994765849985756 0.02947163821562475 2.2998173365178797e-08 9.617233751886872e-09 0.0009225530090937661 70.07631260144717 EXP_PCA 14.632893011294385 0.0007379667761534895 -1.0582173261632912e-05 -4.425187698349173e-06
2004gu PS1_LOWZ_COMBINED(CSP) 0.0469775982201 0.0 53362.76327416286 0.0475049107481027 0.00023070793575784567 5.598819928453402e-07 0.8191477452565163 0.0880547969045667 -0.03479657910077284 0.05858199919617666 2.3617445724178665e-08 5.2644189495616005e-09 0.0042863011018069615 20.008622493677933 EXP_PCA 17.15734366653031 0.0026348645009869175 -0.0001111462239147482 -2.4774918260952865e-05
2005be PS1_LOWZ_COMBINED(CSP) 0.0341570302844 0.0 53461.18591519538 0.1197368793982605 0.0002463090611785775 2.0790487981028875e-06 2.918317955252737 0.21537457976819727 3.929916355645668 0.11217932195182324 2.4321056147785045e-07 4.382704472084613e-08 0.02065363307253016 36.64601992734369 EXP_PCA 17.086299027776676 0.009164496591226121 -0.0010720779443213666 -0.00019319065637815404
2005bo PS1_LOWZ_COMBINED(CSP) 0.0155565319583 0.0 53479.82567442831 0.04734616060886765 0.0009235582514465376 4.878100646987805e-06 -5.649157528998333 0.2713436497806589 1.0902627389897688 0.1792801397374709 1.056192737585443e-06 4.5727772866037795e-07 0.043724050768389484 20.019989262699013 EXP_PCA 15.651339267928163 0.005734701059292421 -0.0012416614681348013 -0.0005375762545118429
2005el PS1_LOWZ_COMBINED(CFA3K) 0.0148946074769 0.0 53646.42520588068 0.030342410540470155 0.0018059181186045787 3.49673123316252e-06 -1.7656237335875489 0.11511370113929609 0.6107899521785849 0.07141842509631433 7.319678921221101e-08 4.080809598904828e-08 0.006956284929818333 26.09900867210993 EXP_PCA 14.923254861861874 0.0021022701190276786 -4.400664864094425e-05 -2.4534239291419446e-05
2005eq PS1_LOWZ_COMBINED(CFA3K) 0.0278772227466 0.0 53654.75648645071 0.0460218142834492 0.0006344067315806778 1.8288867151551501e-06 -0.027442648378858105 0.14330322628369832 -0.7205741687237454 0.09610164918908609 8.431241408424783e-08 1.0623948813514247e-08 0.011817340054691886 7.706231609194939 EXP_PCA 16.059080543604942 0.003129992829832693 -0.00014429392994261725 -1.818203573532338e-05
2005hc PS1_LOWZ_COMBINED(CFA3K) 0.0449722185731 0.0 53668.337060385646 0.10629069808055647 0.00021167339024660904 1.3235581909932548e-06 0.21241569560672677 0.2794518293783397 0.13654882040633703 0.22750700923479633 1.3006990536372548e-07 -1.9234256151982788e-09 0.055395673517282105 2.0053538520807828 EXP_PCA 17.250834335766562 0.006788926304772374 -0.0006671674944041424 9.865825955482397e-06
2005iq PS1_LOWZ_COMBINED(CFA3K) 0.032951567322 0.0 53687.40036296498 0.13260976025412674 0.000322154709541683 2.999357428198989e-06 -0.2821059640349702 0.3550693582373122 0.06930449272003389 0.29487205423942997 4.6651115103552245e-07 9.026253146048336e-08 0.0940220579243724 4.599104766459254 EXP_PCA 16.794838788428613 0.010108531256422686 -0.0015722509452779506 -0.00030420569818516424
2005kc PS1_LOWZ_COMBINED(CFA3K) 0.0138991074637 0.0 53697.667670847746 0.06356755850356421 0.0011153047637945956 5.512885744531706e-06 -3.9662697184664073 0.34290968702660174 -0.06567717081995328 0.24644716242080447 8.08016562316027e-07 4.6167209146870493e-07 0.07552241434255408 36.815415552177896 EXP_PCA 15.446516106990401 0.005366730099106256 -0.0007865947176320713 -0.00044943240691321497
2005ki PS1_LOWZ_COMBINED(CFA3K) 0.0206604059786 0.0 53705.032552074576 0.07676958270167233 0.0008459370604463563 4.598335818631284e-06 -2.990770088219384 0.2783511950633821 0.31001434977745185 0.1900173220184199 5.548707441478521e-07 3.323571147651863e-07 0.04724558319929169 17.63974475228672 EXP_PCA 15.746654870527976 0.005901833497269616 -0.0007121608498444679 -0.00042657092268674556
2005lu PS1_LOWZ_COMBINED(CFA3K) 0.0315438061953 0.0 53708.86857961466 1.2995662265020655 0.00033315959758254234 2.1395554404447166e-05 -1.4218772618438578 1.7530612755590338 -0.8439145783143408 0.5794003068138879 2.4192751053782783e-05 -1.5157169550221988e-06 0.6766576341458147 0.9121782054963387 EXP_PCA 16.75836917790842 0.069726125875828 -0.0788419301211473 0.004939580868072174
2005M PS1_LOWZ_COMBINED(CFA3K) 0.0256227981299 0.0 53398.60500232569 0.8975691700725292 0.0010926983337267273 1.1649200724254117e-05 8.110837048596807 0.4582882707133212 3.6538248146636962 0.37215652148560446 2.4947190394706065e-07 -3.4800279025698403e-07 0.150964026955136 4.402201712287065 EXP_PCA 15.468749297963662 0.011574977825472227 -0.00024788239336055013 0.00034578548998991245
2006bh PS1_LOWZ_COMBINED(CSP) 0.0104218274355 0.0 53833.46115879697 0.008462863668682985 0.002891223077030182 2.128855429271684e-06 -0.9486252173567553 0.053233038832640175 2.0428560598557994 0.036819519905651785 8.293422925589145e-08 5.3300459278475665e-08 0.001795009343533222 256.72529098575086 EXP_PCA 14.412295995844419 0.0007994455469795104 -3.114415350105903e-05 -2.0015833032268397e-05
2006ef PS1_LOWZ_COMBINED(CFA3K) 0.0168199967593 0.0 53969.23244359026 0.5795381883253867 0.0010499405436556817 3.9028966365032246e-05 -0.43387783419670634 0.7739453971019201 0.9153998857525442 0.5376401382010212 -4.972037096057629e-06 -9.267931531633544e-06 0.3781448273107639 1.6112545105057419 EXP_PCA 15.512088233975994 0.04035958233335862 0.005141548937423042 0.009583903458074208
2006ej PS1_LOWZ_COMBINED(CFA3K) 0.019163031131 0.0 53973.859151349934 0.2143499053127016 0.0008728603189161452 1.0405554609465554e-05 -1.7746246401370984 0.1735483212012483 0.6491285782987862 0.14916514620216847 -1.3713792599601219e-07 -8.272192510333498e-07 0.019617624386493976 31.516102337291425 EXP_PCA 15.712638123775932 0.012943293589188751 0.00017058354936354457 0.0010289640514705254
2006eq PS1_LOWZ_COMBINED(CSP) 0.0483443513513 0.0 53975.00172818631 0.31403993348794756 8.111576646682027e-05 1.993051079860535e-06 -3.642872145056942 0.5110063586666859 1.6282977108685355 0.2987614335225763 3.7608495326605504e-07 1.1734558894349568e-07 0.14367943878001677 4.9074245723552545 EXP_PCA 18.292236809476968 0.026677029751324684 -0.005033904845030944 -0.0015706731247707934
2006et PS1_LOWZ_COMBINED(CFA3K) 0.021604731679 0.0 53995.24727628711 0.10687447191958199 0.0008599632673539272 6.080884677963345e-06 -2.277745036637232 0.3589453905665737 0.05661165143332257 0.18644529413782746 8.547182804784484e-07 1.1897997705232114e-07 0.056525347839139845 12.801086374571442 EXP_PCA 15.728800247257928 0.007677347280353732 -0.0010791142101214157 -0.00015021672858711848
2006lu PS1_LOWZ_COMBINED(CSP) 0.0554896369576 0.0 54037.03804950974 0.21593739395029843 0.00020737667572767412 2.5282318730212433e-06 -1.8115903863960467 0.33752690913490946 -1.0421017011737248 0.20419717972637094 5.899565334274219e-07 2.1496009455049196e-07 0.06191281761499765 7.000787234966908 EXP_PCA 17.273100228985058 0.013236748390003758 -0.0030887618645064085 -0.001125439765165231
2006py PS1_LOWZ_COMBINED(CSP) 0.0566123537719 0.0 54070.92882575965 0.1091181339288596 0.00013396822353040896 9.234795176421061e-07 0.032782822061893355 0.22505577417888845 0.5218418590976406 0.1757567556307093 9.35028024499792e-08 -2.715790729573085e-09 0.032263190186188714 3.1926817493997266 EXP_PCA 17.747495503751196 0.007484275899418935 -0.0007577869974759055 2.2009938192355695e-05
2007bc PS1_LOWZ_COMBINED(CFA3K) 0.021865779534 0.0 54199.93756815774 0.12608236353116808 0.0007295235449020865 6.094153097403888e-06 -0.8655120406540403 0.2814313324099049 1.6286874231847812 0.18826566303209488 8.766630039633674e-07 2.41350979658194e-07 0.044496927614693066 5.176343167630396 EXP_PCA 15.90740171742481 0.009069813718045733 -0.0013047211010890642 -0.0003591981348647417
2007ca PS1_LOWZ_COMBINED(CFA3K) 0.0151477595791 0.0 54227.01973983035 0.06012697053301963 0.0008659324128467116 3.275383975134562e-06 -4.326077173443368 0.26267054242556254 -1.9232780800709073 0.254134999636899 1.5437731569115433e-07 1.7632426536911883e-08 0.061564646676794774 77.8298645027184 EXP_PCA 15.721290009775341 0.00410679045330726 -0.0001935636527200104 -2.210815022609872e-05
2008bq PS1_LOWZ_COMBINED(CSP) 0.0336000137031 0.0 54563.97722177135 0.043341237607819494 0.0004062550177289907 1.220700019446921e-06 -0.14840498308061745 0.10171583957337439 0.4575747215253013 0.06862569859868252 8.174065306846896e-08 3.22224125969804e-08 0.006265148728919535 14.497592590660734 EXP_PCA 16.54300315482618 0.0032623799052904504 -0.00021845585300859968 -8.611595779608135e-05
2008gp PS1_LOWZ_COMBINED(CSP) 0.032846134156 0.0 54778.5281590235 3.260065568611026e-06 0.000480877125022628 6.614812895561804e-07 -0.5974749643096532 0.05733271206898087 -0.4169639036797188 0.047377551245739856 6.4166778079515345e-09 -2.902045870704084e-09 0.0021590696964276872 46.457589419822014 EXP_PCA 16.359914703773843 0.0014935087311700377 -1.4487733035821125e-05 6.552310571113127e-06
2008hv PS1_LOWZ_COMBINED(CFA4p1) 0.0135901076719 0.0 54816.97283684688 0.04027012267761165 0.002035121747579084 6.728483536570666e-06 -3.424382512330749 0.21812147564638906 -1.4437317482045051 0.17192577547672147 -6.983338745803286e-08 -4.694854029783714e-08 0.03404296806429455 12.586648691244596 EXP_PCA 14.79352401189519 0.0035896418420490145 3.725606939942654e-05 2.50470174683871e-05
1993ac PS1_LOWZ_COMBINED(CFA1) 0.0502062439919 0.0 49270.90381935824 0.9159877416532254 0.00014055118700464505 8.750465225428997e-06 -1.737081982053549 0.663867998140143 0.06976880044114495 0.44915651228175546 2.5083696586051384e-06 -1.4120870327308854e-06 0.1822632913969173 1.970749905207871 EXP_PCA 17.695413705675136 0.0675959919385902 -0.019376768075067073 0.01090815416347022
1993ae PS1_LOWZ_COMBINED(CFA1) 0.0169262420386 0.0 49291.27783734871 0.3373432476182643 0.0009974140609513757 2.438457953404508e-05 1.5610082122087388 0.7773716318943515 2.5385440888539956 0.38251201767540666 9.344024681128874e-06 2.8663311749976585e-06 0.2787188400116167 7.296755282201878 EXP_PCA 15.567811284121717 0.02654386164624918 -0.010171448640676158 -0.0031201480441868192
1994M PS1_LOWZ_COMBINED(CFA1) 0.024312755093 0.0 49475.566315542856 0.32431657674896996 0.0005254946070483565 1.3674997107791436e-05 -1.3949435864094872 0.6189863443398572 1.0687955564159708 0.3275180793027346 6.793586204446159e-06 2.732822432347825e-06 0.18427105377363923 3.583209008670835 EXP_PCA 16.26357934153063 0.028254218522409304 -0.014036380970192924 -0.005646345778201622
1994Q PS1_LOWZ_COMBINED(CFA1) 0.0295564010739 0.0 49496.06869908833 0.4826148901738634 0.0006028902854632337 1.829604225420451e-05 0.12314374199653672 0.6913171519588662 0.01811324814282361 0.265932886156636 5.765452910262939e-06 -2.2570625330839375e-07 0.14393858800258885 0.4993083669013772 EXP_PCA 16.11440428496136 0.03294907209180068 -0.010382918936388034 0.0004064710557891
1994S PS1_LOWZ_COMBINED(CFA1) 0.0161136966199 0.0 49518.39560746449 0.18875431315609603 0.0022141778635913806 2.509365361832118e-05 -1.56175845558631 0.4998428506951985 -1.863598917429781 0.3075265090104251 9.730057567772096e-06 3.961326255474577e-06 0.12889432603389211 1.412468112527228 EXP_PCA 14.701968738596204 0.012304832728694978 -0.004771195643052728 -0.0019424615362433357
1995ak PS1_LOWZ_COMBINED(CFA1) 0.0219348929822 0.0 50022.655992345855 0.49477706159450463 0.0006466222627127654 2.7408922113590833e-05 -3.1256180561475295 1.3927487450240648 0.02824071119616382 0.7067440014452373 3.148410345008851e-05 1.5269355105802584e-05 0.9618451186151213 2.1546805151333808 EXP_PCA 16.038373367595785 0.04602201437864876 -0.052864605754064445 -0.025638603273767206
1996bl PS1_LOWZ_COMBINED(CFA1) 0.0348066575825 0.0 50377.00068315018 0.11586444424392539 0.0003840424874383481 2.7181233644055864e-06 -0.1261019819819805 0.2989105862913417 0.4627287222029538 0.1720872934481011 4.770589389935233e-07 1.339352324027991e-07 0.044087540382587456 2.467977308063234 EXP_PCA 16.60405181512745 0.0076844751356004125 -0.0013487053615439317 -0.00037865167440818054
1996bv PS1_LOWZ_COMBINED(CFA1) 0.0167309138924 0.0 50405.981663483864 0.21176467123950715 0.001532579759763615 2.5289221961365938e-05 3.7326449827454438 0.3990165604727402 3.7771067901188506 0.2758797739554278 7.581590510069737e-06 3.0911150565738965e-06 0.09911562532609872 38.114383068295034 EXP_PCA 15.101442285785957 0.017915820497234305 -0.00537107922376778 -0.0021898602722724876
1996C PS1_LOWZ_COMBINED(CFA1) 0.0275155156851 0.0 50130.36417758208 0.3425122171502153 0.0004327156239209234 9.146952049702207e-06 0.530911535758873 0.4743857191726266 0.6151419552972142 0.2345673144358812 2.9307469399820863e-06 8.315478705715554e-07 0.09707027158621072 2.9287983216215143 EXP_PCA 16.474493558974864 0.02295081678253231 -0.007353601034531052 -0.0020864548889828268
1997dg PS1_LOWZ_COMBINED(CFA2) 0.0328005328774 0.0 50720.75247810218 0.22774122641567374 0.0003276959006476989 5.518051755703559e-06 -0.9880962305160659 0.5450645613818684 -0.5861839474665064 0.3954931029391306 2.412204661351316e-06 1.2837582794347537e-06 0.19945113365731704 3.774274857124403 EXP_PCA 16.77632247861012 0.01828264729297762 -0.007992220619601571 -0.0042534033516604605
1997E PS1_LOWZ_COMBINED(CFA2) 0.0131341582164 0.0 50468.08326141176 0.06714055937482044 0.001489346937349861 1.0360671169082355e-05 -1.9349752332296932 0.3308847524763351 1.174720840242407 0.20434671688615505 3.0232600396939554e-06 1.4877140091659995e-06 0.06206833297422431 17.329697845385347 EXP_PCA 15.132510308295991 0.00755294519481324 -0.0022039612122444962 -0.0010845457976041434
1997Y PS1_LOWZ_COMBINED(CFA2) 0.0167807806283 0.0 50486.846474576756 0.24788677717879182 0.001286362669088557 2.1344534506426618e-05 -1.5347722922202758 0.44144982701673374 0.20663466055523505 0.2615426282218736 8.12617704301275e-06 3.880461613583105e-06 0.10804197726466887 9.952747528734706 EXP_PCA 15.291591429659324 0.018015552257713386 -0.006858784722138038 -0.0032752487041827253
1998dk PS1_LOWZ_COMBINED(CFA2) 0.0120226023719 0.0 51057.50244068867 0.8198428111973044 0.002457584678612339 9.825485219302577e-05 -3.881910594015104 0.6554235924186282 -0.04189997139140873 0.531150490880582 -2.4059406275105007e-05 -4.5974175780536235e-05 0.26111372182051656 1.1780952851330024 EXP_PCA 14.588728772935397 0.04340800593669162 0.0106292038216222 0.020310928678570383
1998dx PS1_LOWZ_COMBINED(CFA2) 0.0538899973035 0.0 51071.17120029551 0.4491793810084346 0.00016873472764328948 4.874376538501393e-06 -1.046761443195912 0.5617430941777819 -1.161230781280473 0.3507670216192856 2.018539468323053e-06 7.884349071282277e-07 0.17617933996702823 7.7104013091782555 EXP_PCA 17.49698881291497 0.031364539815790814 -0.0129884429370383 -0.005073243283824238
1998ec PS1_LOWZ_COMBINED(CFA2) 0.0201 0.0 51089.384471665086 0.2036825046670856 0.0007304324247159741 1.0259693438711178e-05 -2.150529042552791 0.3203404503977976 0.3409916352201549 0.1399826874639266 6.288609552359759e-07 -4.870886780419716e-07 0.03471951173161997 2.827571943668526 EXP_PCA 15.906049890564647 0.015250309596345808 -0.0009347573899446972 0.0007240229140752972
1998ef PS1_LOWZ_COMBINED(CFA2) 0.016024671495 0.0 51114.05108640128 0.04442617598033394 0.0019136601610733274 8.560175304120756e-06 1.1391166179717294 0.24696611833172827 1.8982377064377167 0.17798128644089506 1.3588350034416295e-06 7.810133075677398e-07 0.03928265544032272 17.81033801603262 EXP_PCA 14.860337960643987 0.004856709898557692 -0.0007709500304911677 -0.00044311651654418223
1998eg PS1_LOWZ_COMBINED(CFA2) 0.0236171036959 0.0 51111.46112060201 0.3466648542707844 0.0006613886645917262 1.8891121407731452e-05 0.9431357402891661 1.3210051293299532 1.6743063412021086 1.055605267451562 2.2551823318504503e-05 1.533853320337196e-05 1.3458684925916677 1.9383364697236871 EXP_PCA 16.013858131612373 0.03101168126840616 -0.03702109269641582 -0.025179749394504455
1999cc PS1_LOWZ_COMBINED(CFA2) 0.031528186053 0.0 51315.590332306376 0.09026514746074099 0.00032537367753412635 2.3050079779634458e-06 -1.3614376421388905 0.34683657435649756 1.8021716129155694 0.2068690773771881 7.107889320135908e-07 3.4140940445829834e-07 0.06633343092584053 13.165641604451963 EXP_PCA 16.78404396012109 0.007691558311961966 -0.002371824553470766 -0.0011392456632464002
1999dq PS1_LOWZ_COMBINED(CFA2) 0.0133431283757 0.0 51436.74178703662 0.02548351971563534 0.003724563762763935 6.87925004539809e-06 2.244704934189217 0.0785271865002035 1.40170138454962 0.05624406261758132 2.897709451345623e-07 1.1179927700027501e-07 0.003740863490807308 9.644207638771034 EXP_PCA 14.137311466026748 0.002005349166134307 -8.447024302951002e-05 -3.259026571608592e-05
1999ef PS1_LOWZ_COMBINED(CFA2) 0.0379901379347 0.0 51459.03891042421 0.48315314449428115 0.00025141679190551053 9.629832799205232e-06 -2.002722675725752 0.8498723370245849 -1.5235327458628363 0.5201206817265056 7.102684280320442e-06 4.024881052773201e-06 0.43055233753870115 2.416728643939927 EXP_PCA 17.0640142988411 0.041586156742441836 -0.030672738346803 -0.01738133338557288
1999ej PS1_LOWZ_COMBINED(CFA2) 0.015444220975 0.0 51483.38164495257 0.3527275958804239 0.0011297527870260673 3.4935851042534286e-05 -3.22435611348405 0.5333143060660542 -0.3004402948872458 0.2376150940687944 1.657025046126891e-05 4.6310332629581035e-06 0.1028194431010123 10.65886694178628 EXP_PCA 15.432541446548553 0.03357470656989078 -0.015924652768565944 -0.004450602412115823
1999X PS1_LOWZ_COMBINED(CFA2) 0.0257653091103 0.0 51207.302303710065 1.0048814414039953 0.0005867021326591305 4.33371189291598e-05 0.2060907111935191 0.9429662617399904 0.544651239956683 0.5003037457091654 1.0665909434594084e-05 -9.819735818626451e-06 0.31670631094643215 0.5819032551292651 EXP_PCA 16.143955832806668 0.08019858189033534 -0.019738063636012406 0.01817215603277393
2000B PS1_LOWZ_COMBINED(CFA2) 0.0204512048513 0.0 51563.596679041744 0.25263349654414924 0.0009482730353331887 1.578878327841313e-05 0.34502419841984483 0.3018978194462279 2.3982455515850143 0.17425162684502218 -7.484222961837336e-07 -1.254591113303409e-06 0.04493364687342878 56.19479954326022 EXP_PCA 15.622666496670806 0.018077550447724855 0.0008569147841785647 0.0014364586391541843
2000cf PS1_LOWZ_COMBINED(CFA2) 0.0364584960043 0.0 51672.86785921013 0.17149881370278308 0.00026721996249621003 2.757443761665707e-06 -0.3999227162775261 0.14426369304293987 0.44911754100039253 0.09041418473503818 1.436122026731587e-07 -9.522000316659318e-08 0.007784878223399256 5.610408453726879 EXP_PCA 16.99782775323344 0.01120371583267237 -0.0005835079326811975 0.00038688653306214073
2000cn PS1_LOWZ_COMBINED(CFA2) 0.0232076905668 0.0 51707.57437386632 0.05491717993209022 0.00036584529911645866 2.820778796595605e-06 -6.839199884208433 0.6030335478281446 0.19904231382641374 0.4758474515631119 1.4269795113585054e-06 9.541868467619252e-07 0.2723191577909345 2.924027998570744 EXP_PCA 16.656756302518787 0.008371357162369877 -0.00423491383563412 -0.002831784932416567
2000dk PS1_LOWZ_COMBINED(CFA2) 0.016024671495 0.0 51812.56836222532 0.042315283077186905 0.0010885343074240985 6.954339134830161e-06 -3.871911755476958 0.3895070583960774 0.670453735573947 0.28884948713223224 2.4071736956628914e-06 1.4987385484644432e-06 0.10616725403487225 38.805228412715856 EXP_PCA 15.472894696781891 0.006936462844904796 -0.0024009859998876215 -0.001494886006289661
2000fa PS1_LOWZ_COMBINED(CFA2) 0.0218040905893 0.0 51892.83336123562 0.2568801682718913 0.0008958100937006628 1.4916835777770557e-05 0.9042360604132674 0.2753947037361239 0.5408214771957083 0.19784225233508732 2.036907057232496e-06 -6.389830009716677e-08 0.04370260973967213 2.859037963032693 EXP_PCA 15.68446012093227 0.018079444268651806 -0.00246876403080992 7.744576481762246e-05
