SNNAME SURVEY Z ZERR T0 T0ERR X0 X0ERR X1 X1ERR X2/C X2/CERR COV_X0_X1 COV_X0_X2/C COV_X1_X2/C CHISQ/NDOF MODEL mB mBERR COV_mB_X1 COV_mB_X2/C
6 PS1MD 0.2305 0.001 55204.68320756793 0.7066512419005448 3.996834186014442e-06 3.075470210009332e-07 -0.1662849389839353 1.0921837582224316 3.59787049715712 1.6168328155052778 1.0837918302055333e-07 -3.8237899585595847e-07 0.5605572356316709 3.6721952193276963 EXP_PCA 21.560709671626874 0.08354485570971232 -0.029441101974976232 0.10387289049733245
11 PS1MD 0.3812 0.001 55210.99625676071 0.555578323033842 8.982398568298757e-07 4.947714184570287e-08 0.7984869815809373 2.0068589347120773 9.414732916777895 3.1435931850191303 3.1206030195196716e-08 -5.136469470303918e-08 4.790843631898011 1.2178845390401318 EXP_PCA 23.181519195669225 0.05980487706192638 -0.03771989912502574 0.062086432996036785
34 PS1MD 0.2534 0.001 55207.88132112603 0.4433837200558628 8.309745829374425e-06 3.403710562039263e-07 0.8714900347890288 0.4100297911453805 -2.129568492878557 0.9638559230274751 -2.19934683031504e-08 -2.8340937273869825e-07 0.2371756560048815 0.794400594639646 EXP_PCA 20.766030649501303 0.04447226020632543 0.0028736263774181412 0.037029750737076546
91 PS1MD 0.1526 0.001 55210.07843242954 0.07046564208212658 9.515854248893185e-06 6.464185981327455e-08 -2.8033448940115764 0.25572056826772477 0.9965698625836681 0.21428471856045245 4.100925811580593e-09 -3.804556753560612e-09 0.04339423210890853 17.19221295489607 EXP_PCA 20.618880546312177 0.007375481560190464 -0.00046790582434341624 0.00043409082383520826
142 PS1MD 0.4365 0.001 55214.32107941162 0.6598199642139662 1.141687554279165e-06 4.8046887127355963e-08 -0.3560822568664078 2.484718508481145 1.0759459596155199 1.9050690394262217 9.878387365402194e-08 5.598100875486153e-08 4.2283050567096065 0.9167211194030335 EXP_PCA 22.921131833085273 0.045692225236732345 -0.09394271459860273 -0.053237514726531675
190 PS1MD 0.1023 0.001 55223.52277661337 6.114521966082975e-06 3.063878399169584e-05 1.1904766946090755e-07 -1.496560268946479 0.10000545455041963 -0.4499025566310965 0.08959254419814243 -2.1387350936134565e-09 -6.1162176075556495e-09 0.00687750512186758 11.968238055260672 EXP_PCA 19.349321188017658 0.004218651917152404 7.578963069005174e-05 0.0002167383305584891
199 PS1MD 0.3712 0.001 55214.41879324355 0.2642963382968446 3.0862584426455283e-06 4.187106699036501e-08 1.3778018508270309 0.5432102951948938 -0.37185886292889364 0.8258631793095973 3.800868339790054e-09 -9.120111472771721e-09 0.39022223944084417 1.251519582861166 EXP_PCA 21.841419272549295 0.014730112272879965 -0.0013371337633317451 0.0032084270975473654
215 PS1MD 0.4661 0.001 55221.72117398065 0.49149416014552116 1.600153132692015e-06 2.9547911130884086e-08 -2.8054241685190324 1.6404655226161995 -3.9296195125869957 1.2072565573099563 1.4481260079162684e-08 3.5830819958417744e-09 1.797982995029005 0.735501667281129 EXP_PCA 22.55459613476514 0.02004885422172362 -0.009825827314423483 -0.0024311934701884584
236 PS1MD 0.1959 0.001 55210.93493856905 0.15196601382558583 1.078484253783121e-05 1.4731102564142917e-07 0.19749565516751286 0.40800569440796775 -0.2538267328162965 0.39287089396061536 8.054181988144426e-09 -2.6280654535066694e-08 0.12327512765744147 2.0297410489984133 EXP_PCA 20.482965478385566 0.014830157541745279 -0.0008108339972108434 0.0026457371086662973
420 PS1MD 0.3112 0.001 55223.61196638209 3.6646852095145732e-06 2.8602696294500763e-06 5.3953714865751385e-08 0.6952562762391399 0.5594538788375557 1.0355608068336724 0.6842334821628062 -6.586734303067348e-09 -2.7822956036429338e-08 0.23160818923326595 1.5350240704876243 EXP_PCA 21.923982563101447 0.020480412408604237 0.0025002733414812663 0.010561378683013543
20027 PS1MD 0.1098 0.001 55270.7581596149 0.1774680062844709 2.652173345233149e-05 2.466528926366755e-07 -1.478962823158253 0.3456078600087687 -0.2884899613621872 0.28796746715116905 3.285273004845687e-08 -9.888534977959828e-09 0.07827210751333573 10.318613300933954 EXP_PCA 19.50599523496498 0.010097378288839434 -0.001344912032347542 0.0004048129228387333
20096 PS1MD 0.2255 0.001 55280.9274761595 0.3590918059380783 7.157135034869121e-06 2.0034683275024735e-07 -0.8575401431830365 1.0989113338927 0.2016862221030188 1.2567740645888756 3.3388790030322775e-08 -6.521640536891413e-08 1.1902696432079771 1.901733419266776 EXP_PCA 20.928151972004514 0.030392581496059903 -0.0050650739426284465 0.00989331794191967
20176 PS1MD 0.2604 0.001 55270.13855315312 0.4073509827067028 6.634471195627318e-06 2.1199873360866004e-07 0.17392578053933316 0.6106806931166147 -1.5871807763576933 0.6938053501331526 5.9229438534333855e-08 -8.305122945865929e-08 0.16513145285300113 1.3769488745364558 EXP_PCA 21.010484217783826 0.03469375232098393 -0.009692942196599889 0.013591396211407498
30066 PS1MD 0.2253 0.001 55300.51701915361 0.5036633213785535 1.0291262497339946e-05 3.0484895118030196e-07 0.7026090315040471 0.5542095304679138 -1.3864956820362022 0.5687562534786905 5.202193273387233e-08 -6.720611212463473e-08 0.21542666746005876 1.393663360451329 EXP_PCA 20.533828360471162 0.032161801660831164 -0.0054883544001774875 0.0070902971461092165
40137 PS1MD 0.4474 0.001 55320.07651995815 3.1899370530227316 1.6448346764353278e-06 3.7704710720696937e-07 -5.989293589002514 7.394253534846357 -5.9423342607327685 4.340597308296986 2.536008830088516e-06 1.3717386046503377e-06 31.181099634563466 1.4353462005385462 EXP_PCA 22.524694366959842 0.24888440221914448 -1.6739898798708661 -0.9054686698124391
40166 PS1MD 0.4399 0.001 55330.908337511864 2.1260626144285197 1.4039918801672206e-06 1.6292070120989813e-07 3.4487632599772633 4.131376814494905 4.569243277965762 2.25979223941859 5.809161186341518e-07 1.6705679184571128e-07 7.3603661360218515 0.2718049503161654 EXP_PCA 22.696588509733424 0.12598997637158693 -0.44923455102428805 -0.12918850152896072
40782 PS1MD 0.3374 0.001 55351.77336544042 0.0005117565451655537 2.1887186370949287e-06 9.204327595678653e-08 -1.1516301330920227 3.0671003761886184 0.4373655311114574 3.0378797105806123 -7.939053238284193e-09 -9.506126365158733e-08 8.45459036742102 0.840265591396941 EXP_PCA 22.214525160048737 0.04565900587545107 0.00393824833682063 0.047156109454789596
50005 PS1MD 0.5283 0.001 55351.79153011225 1.6413036023914174 1.329195657850828e-06 7.884256800553054e-08 -2.648832432276126 2.9311791262899005 -3.5870377516712937 3.164199507273273 -1.7044062867093883e-07 -2.0558513188821995e-07 8.435188988515863 2.985134676972877 EXP_PCA 22.756027715305663 0.06440152738545613 0.13922221323607636 0.16792954410633942
50203 PS1MD 0.5761 0.001 55348.159462517026 1.9942192011512816e-05 1.120743115365376e-06 5.40293888334391e-08 0.8258412230017975 1.871674716183056 -3.2121818818120436 2.1006196789998426 -5.276786416980881e-08 -3.8887206020087554e-08 3.1678522640699893 1.64304374030911 EXP_PCA 22.941234800724935 0.05234175679793938 0.051119636419308105 0.03767254681206112
50251 PS1MD 0.3876 0.001 55367.02800931678 1.4472259616450174 2.0749590184732236e-06 1.321305122134741e-07 -0.2662606301291449 2.9688172969664177 -3.2350113903959588 4.285189623763011 8.179397100371415e-08 -8.916978960445393e-08 10.870390714711295 0.21555182494584302 EXP_PCA 22.272476191026342 0.06913817554284209 -0.0427992431942169 0.046658689681234336
50293 PS1MD 0.36 0.001 55355.63219926257 0.6715575080997951 2.827505045987786e-06 7.319483701656588e-08 -0.07660249488850945 1.5673140720343588 -0.40434716563037637 2.0967668128968486 -3.5908863418855556e-08 -8.827432237043755e-08 3.0190809903617803 2.289416463053233 EXP_PCA 21.93649152839115 0.028106151273902757 0.013788676749097012 0.03389653641257853
50301 PS1MD 0.347 0.001 55356.63495754597 0.5298285173303157 2.370596526391593e-06 7.347221815344713e-08 -6.479332126596697 2.109006406861708 -5.62901642283074 2.3552015584947976 7.07643315554031e-10 -5.472424997294881e-08 4.544910583059344 3.359361419659975 EXP_PCA 22.12785589075315 0.033650368759507665 -0.0003241015327570666 0.025063775641443683
50607 PS1MD 0.4391 0.001 55367.7905149162 0.00024320622105733491 1.3779911928369874e-06 5.367054623687601e-08 3.696055013238755 2.124735145583671 3.6681631377631065 2.0564996870340337 4.963835855057412e-08 6.883912860810098e-09 3.716250673159666 0.6206507979311309 EXP_PCA 22.71688389532084 0.04228768331860805 -0.039110673060375016 -0.00542391958833499
70955 PS1MD 0.3492 0.001 55436.791316144925 6.398427285603248e-05 3.4864201261127504e-06 7.456967953061227e-08 0.13454847264731887 1.039778367755087 -0.6490584737066247 1.550558459925663 -1.6817461262460493e-08 -5.775786902498407e-08 1.504215073804233 1.952076586395615 EXP_PCA 21.70905070007985 0.02322238798393703 0.005237270869339921 0.01798687686558958
80723 PS1MD 0.4305 0.001 55472.90327391956 0.00038256918196566403 1.8971417357105013e-06 7.75776730431068e-08 0.04706268525443721 1.877313942562419 -1.5986099171089172 1.609843246821933 1.0579152264512775e-07 6.249556079712997e-08 2.624646877158432 1.9912858211934457 EXP_PCA 22.36975055425237 0.044397783633306216 -0.06054459934659954 -0.0357662749792887
90201 PS1MD 0.5088 0.001 55487.404308496865 1.415631150950503 1.1642989601701927e-06 8.776551095012538e-08 14.776199364482249 4.150778357628723 11.420245984807718 3.4973611323841722 -3.230342688479453e-07 -2.8485806250137064e-07 13.498799935885275 1.688046110364676 EXP_PCA 22.899838726016164 0.08184340622765655 0.3012370645890786 0.26563685295208267
91869 PS1MD 0.2888 0.001 55496.895341037096 0.6156902310685837 4.419508803818591e-06 2.2016505427177692e-07 1.7841121507769853 0.9114192081691486 2.440686095368586 1.3183962834802214 3.6085455922889954e-08 -1.893701597809749e-07 0.6926457151506189 1.847323171354962 EXP_PCA 21.45156499158506 0.054087723558524835 -0.008865077025490527 0.04652237334551441
100090 PS1MD 0.1727 0.001 55505.59431663188 0.4589218875080405 6.334041700115679e-06 3.1069850018624127e-07 -3.7405027256269685 2.2539920379616696 -0.09847488411939828 1.6866620849957712 4.035032033842717e-07 9.397725065122837e-08 3.4071179889991825 0.3317509628329416 EXP_PCA 21.060797704450636 0.05325771859223659 -0.06916563821204175 -0.016108909332536395
100213 PS1MD 0.2752 0.001 55520.25157643496 5.257527664070949e-05 3.6979922381654272e-06 1.1282073705354956e-07 0.2686920554870242 0.7836399729922501 0.3778877627530453 1.1343979279256502 -9.163450935815927e-10 -7.057081132087192e-08 0.5353421773811959 1.173749980328265 EXP_PCA 21.645085011826282 0.03312434179886348 0.00026904032785303667 0.020719698667684958
100405 PS1MD 0.103 0.001 55534.13903797706 0.1692673954203201 2.997052792881101e-05 5.31450019772484e-07 -2.400156815621209 0.9688847113326609 0.30205753145511655 0.7894914517451078 -3.762243622036067e-07 -3.151600511687596e-07 0.7100652913360957 0.4413799829710954 EXP_PCA 19.37326401729804 0.0192527315120038 0.0136294032633244 0.011417238917516859
110033 PS1MD 0.2049 0.001 55542.54852777033 0.00012274794426048175 1.211423996075286e-05 3.094962905784859e-07 2.150723569540263 0.7204144136286021 -0.21628160260332563 0.4014444556425862 -3.8796374419298923e-08 -9.162767624513898e-08 0.19279938761839244 4.029344336048531 EXP_PCA 20.356759570036857 0.02773853985128765 0.0034771168853227185 0.008212111183161775
110478 PS1MD 0.2647 0.001 55554.90621090178 0.46295262347121025 5.959918049373152e-06 1.974671925302437e-07 0.8023136178368014 0.739783865111795 -0.8172649550911943 0.9218510164602008 2.940479240173473e-08 -8.535862218216217e-08 0.39571814114515014 1.2916482479772335 EXP_PCA 21.126899279739057 0.03597319265230155 -0.00535675951237585 0.015550037051464384
110536 PS1MD 0.2348 0.001 55556.2501075366 0.7728575741493842 5.5434082328406e-06 3.68745772183371e-07 2.6439777591826648 1.3847258323171903 2.652427861735783 1.7117162381203694 6.351027731137297e-08 -3.652826356033893e-07 1.414478102634079 1.6836049981436372 EXP_PCA 21.205557843776088 0.07222283086407709 -0.012439171815396268 0.07154453826700063
110719 PS1MD 0.4276 0.001 55568.479205552125 0.9646484513068572 1.1163756337252906e-06 6.39251787554132e-08 -0.608436563844897 3.383585603784829 0.16061125240791807 2.584000634443742 1.4996379132199348e-07 8.219272225254565e-08 7.74676022695793 0.7128755331093551 EXP_PCA 22.945474127731302 0.06217072361099761 -0.145847967944047 -0.07993690620013782
110734 PS1MD 0.4019 0.001 55570.47022483736 0.7901927408856864 2.416586917911874e-06 8.16379533331111e-08 0.6889294941238514 1.951021253746413 0.46418088615560127 2.216887017473858 4.72653866429198e-08 1.9038371993194022e-08 3.781492389179011 0.9014697733268634 EXP_PCA 22.10699394969817 0.036678706219556594 -0.02123562828621617 -0.00855365457764087
120085 PS1MD 0.3218 0.001 55570.977928124266 0.4648197549104225 2.283035725398883e-06 6.520106503091538e-08 -2.110758654047391 1.5536163193264998 0.3313090146675347 1.5491005834815867 -2.1410828332444547e-08 -4.705862116095242e-08 2.072064955839997 2.2210020034668423 EXP_PCA 22.16871823132456 0.031007467866270778 0.01018228108994424 0.022379522217733264
120094 PS1MD 0.4512 0.001 55570.087870528856 0.6208313915449253 1.9439927283910377e-06 4.897202127859408e-08 0.925025589564706 1.8473672598430906 -1.7163174792128744 1.460212653545465 4.668240958643948e-08 2.1499002962553322e-08 2.4745137567825575 0.9831563352034168 EXP_PCA 22.343263409771215 0.02735128364721934 -0.026072516359305017 -0.012007373042987584
120336 PS1MD 0.1612 0.001 55584.11170617117 4.382998668006621e-05 1.128154748291267e-05 1.0060317264774246e-07 -0.6779091328148603 0.3358687747568817 1.011015951080201 0.30252701378224817 5.865545788373844e-09 -8.529142235663835e-09 0.08140820038327613 6.686392448031466 EXP_PCA 20.434078310900652 0.009682050004454367 -0.0005645001656687479 0.0008208447054642073
120400 PS1MD 0.3512 0.001 55579.80823440168 0.358848044052138 2.8498107900035366e-06 5.649745129731537e-08 -2.334796757873417 1.4145524737533952 -4.8261072233190365 1.6723703998686785 2.3684228941927174e-09 -1.5245339437732642e-08 2.2217129507344926 3.0545551189110447 EXP_PCA 21.927959933825402 0.021524702118900438 -0.0009023344614397628 0.005808251214233326
120585 PS1MD 0.2492 0.001 55584.02785160214 0.6513385422622378 7.795228909435063e-06 2.578836173153083e-07 -1.8343134206134617 1.0348991507308114 -4.555559471834723 1.2918376933182458 1.1792430335542785e-07 2.2133287200682317e-08 1.1732796321316512 0.19768825276179514 EXP_PCA 20.83542781772254 0.03591858342919559 -0.01642474994145458 -0.0030827717214313437
130308 PS1MD 0.0822 0.001 55595.350100016134 0.31923383865796495 3.6351324679660075e-05 8.392222656877451e-07 -1.8208417802883254 0.5934491421354426 1.414315231321522 0.44356580650517236 2.946600287896738e-07 9.875366538016101e-09 0.20632779176303997 3.060565608922294 EXP_PCA 19.16369939594742 0.02506577148772152 -0.008800863907197047 -0.00029495604575809076
130514 PS1MD 0.1056 0.001 55614.33719960672 0.6315031213744078 4.984593432444915e-05 1.4211970074969871e-06 0.0920971758574968 0.23938320824542048 -1.4832836275704409 0.16921174839393527 1.4324600484793792e-07 -1.137993057468496e-07 0.020732842131682885 5.38997634359586 EXP_PCA 18.820925647666897 0.030956286927829438 -0.0031201616693155142 0.0024787583581333526
130862 PS1MD 0.3327 0.001 55607.65466268178 0.7259181309309497 2.8411740075934684e-06 8.928280126417265e-08 3.261012435029659 1.9162968090369867 0.7368654143768595 1.4353679054269153 -6.592956003298144e-08 -5.6799623478306894e-08 2.1917334573278926 1.420271513158612 EXP_PCA 21.93125541778396 0.034118842962682604 0.0251945534135778 0.0217056074222159
140181 PS1MD 0.1022 0.001 55642.42020479614 0.08224525522382464 4.061881715063006e-05 2.3189286004037017e-07 0.1429141271672425 0.31089465866480764 -0.12858637721898816 0.2858839782945227 -4.375418887822325e-08 -3.7085613071163444e-08 0.07747430934067014 2.5070147743823115 EXP_PCA 19.043181819292208 0.006198468873110309 0.001169544322247099 0.000991294075297535
150509 PS1MD 0.2928 0.001 55681.3903866879 0.3784881573083112 4.990328327087223e-06 1.214170694313793e-07 1.202771055904598 0.8395623951753411 -0.47788326039821943 0.7509075811381238 2.1285095312286822e-08 -4.30701176884833e-08 0.3189229725629616 0.9769646390811051 EXP_PCA 21.319677200094116 0.026416479942157508 -0.0046309575417788785 0.009370683260208363
151034 PS1MD 0.1326 0.001 55685.62562589737 1.0711180948419496e-05 3.067255098772626e-05 1.4417870137532012e-07 -0.12298128136578064 0.12492460910883264 -1.2712059228988808 0.12700103548542102 -4.862041178444838e-09 -9.292041453941771e-09 0.011969888224403407 19.595050089868685 EXP_PCA 19.348125257319516 0.00510358711607769 0.00017210482879545335 0.0003289164252003358
160039 PS1MD 0.2707 0.001 55699.63337777605 0.3223911634195247 4.153361068477747e-06 1.3108292111052704e-07 -1.9560927245627868 0.6942532969990615 0.01247949949110477 0.6897135567914244 3.1815675814664845e-08 -5.7664267285733596e-08 0.17641921762340432 1.7200024640394143 EXP_PCA 21.519000780682315 0.034266578544136866 -0.008316982448985533 0.015074100633373867
160099 PS1MD 0.1004 0.001 55700.79090995701 0.16228962738023256 4.237085734487698e-05 4.0106249471039093e-07 -0.07023241160581604 0.14898090940961572 -0.5798215598025193 0.10235572171767501 1.931558148065839e-09 -1.7102583283803733e-08 0.012200553252613069 2.4345590860193758 EXP_PCA 18.997331870657064 0.010277065373810212 -4.949540189571385e-05 0.0004382468288280233
160197 PS1MD 0.3536 0.001 55712.02766038921 0.7361544176528696 2.271634860903861e-06 7.501935736328112e-08 3.182421724475391 1.44378661528737 4.0461513357592045 1.7511531061040917 4.1827419423137095e-08 -8.125369287802764e-10 2.219179319006402 0.3665338412214394 EXP_PCA 22.17415368794687 0.0358557767134257 -0.01999156836377909 0.0003883550021453294
160200 PS1MD 0.4235 0.001 55712.035208990856 1.8611644947777677 1.253031366831406e-06 1.0379816465572123e-07 1.3886956020603411 3.7589460649399746 -0.04692051135747466 3.5914680856220023 2.5887396752101466e-07 1.2801979997472228e-07 11.871321870952956 1.031062659295364 EXP_PCA 22.820095143202394 0.0899398277946904 -0.22431109583289727 -0.11092757566790552
170428 PS1MD 0.3001 0.001 55736.40058092702 5.898790550418198e-05 2.588697491023599e-06 6.667727291416576e-08 -1.5437078505557222 1.4402862932197467 1.2947174259495045 1.1391373492416002 3.9343639507887624e-08 2.2905259017859963e-10 1.390601771068365 1.542706046827752 EXP_PCA 22.032296743027473 0.02796538780157856 -0.01650127679606752 -9.606788387321263e-05
180166 PS1MD 0.1476 0.001 55763.77566151915 2.990085704368539e-05 1.697543501596116e-05 9.441649076469266e-08 0.40354874878598734 0.26132276105906227 0.7577833881391534 0.20865251700900198 3.486013853588475e-09 -2.854352136889683e-09 0.04675361837499192 3.998041713132971 EXP_PCA 19.99044771896464 0.006038808563848409 -0.00022296285471156807 0.00018256224086369253
180561 PS1MD 0.2288 0.001 55783.6874448445 0.00032625251697027124 4.482908332797617e-06 1.2053972616896026e-07 -0.6860161051082747 0.8759557850228167 0.6532823962206761 0.6764669301171913 3.641908220823876e-08 -3.8016870831886444e-08 0.3124843297688491 2.2437883477136156 EXP_PCA 21.43610035391024 0.02919407114702193 -0.00882050516363583 0.009207480945307088
190230 PS1MD 0.1388 0.001 55799.41072452658 0.10210414077664609 1.5709551574195136e-05 1.1217161923040625e-07 -1.1717168523339996 0.24000938813789816 -0.0020017554264605258 0.17776210492771888 1.011859349063815e-08 -2.9847237426176272e-09 0.03217211560702294 8.0201551905445 EXP_PCA 20.07459052906654 0.007752531163578744 -0.000699327618750228 0.00020628358570618036
190260 PS1MD 0.1436 0.001 55810.59647393575 0.09732602610529284 2.2746878867085297e-05 1.4361868288296908e-07 0.31498150623661586 0.2750644200666085 -0.5833609398449793 0.2059676712722533 -5.200847903424351e-09 -1.0144904113122325e-08 0.046873426216335494 2.049369888262108 EXP_PCA 19.672695462769077 0.006855094476778948 0.00024824279837173913 0.0004842286167600256
300105 PS1MD 0.0919 0.001 55784.51875572154 5.667970981448889e-09 3.382366291013962e-05 1.7781665129392378e-07 -0.5511843036271163 0.2481657005521523 0.03977311330889789 0.23132089432805802 -1.8018860859723138e-08 -1.6753719673306568e-08 0.04641969884072984 3.169714683379934 EXP_PCA 19.241948406428637 0.005707896765397004 0.0005784036358178053 0.0005377927299596067
310025 PS1MD 0.1568 0.001 55809.18775033638 0.4355408224691928 1.0185907961512455e-05 2.463290616576772e-07 5.083771879000569 0.3306098699397247 5.135861769003404 0.2625291442582595 2.8280516990714843e-08 -4.1162459767562634e-08 0.03257266720939847 11.63340992620793 EXP_PCA 20.545000630920867 0.026256705002282943 -0.0030144765986612424 0.004387588520867277
310042 PS1MD 0.2388 0.001 55815.052898122936 1.5533618556946749 5.446541269987697e-06 9.752827769896098e-07 -9.070907326242791 8.009825834386936 -5.146586151062407 3.8245607979732164 7.326405202276722e-06 2.908270780250732e-06 28.778936363407436 0.07197331014020071 EXP_PCA 21.224698003116288 0.19441692780142286 -1.4604761048396706 -0.5797468012879899
310073 PS1MD 0.1496 0.01 55807.639383300026 0.41420787185415975 1.619422706937721e-05 3.628620618498709e-07 -2.304612393220623 0.4832008052674556 -1.603274400522573 0.2319396202978159 5.0595584789745455e-09 -4.25394930131115e-08 0.08124356827843048 1.5852477540535976 EXP_PCA 20.041599438757082 0.02432795811716006 -0.000339216302030332 0.0028520452071299053
310091 PS1MD 0.5078 0.001 55818.36591318756 1.0316466951298935 1.2520321922827624e-06 5.44077455999633e-08 -8.087743696226948 2.7588717675549725 -6.0080101193392075 2.4365780280391487 -1.0341842880836987e-07 -9.272887727400219e-08 6.25590035920813 1.1499039218509701 EXP_PCA 22.820961260978862 0.04718126225608175 0.08968230456736495 0.0804125484181
310161 PS1MD 0.2528 0.001 55838.914937537156 0.22903121369381552 5.062454293949847e-06 1.1294974395612784e-07 -1.4626993185158972 0.5791481692866719 -0.5376424428900078 0.3815058977380973 3.16875896363671e-08 -2.0132962833209383e-08 0.08587490018935934 1.8979825166271052 EXP_PCA 21.304097211899965 0.024224144893098293 -0.006795984973304155 0.004317883261324273
310238 PS1MD 0.2842 0.001 55838.441499662214 8.223444820032455e-05 4.653555094604796e-06 7.643240993986885e-08 0.2713228990824207 0.581598436396057 0.5109807818671085 0.5347736062030443 5.759646190511351e-09 -1.942795893634896e-08 0.18191034933648845 1.470238077817226 EXP_PCA 21.395537849998735 0.017832696293816695 -0.0013438019467923565 0.004532800831390971
310574 PS1MD 0.2368 0.001 55840.767552959434 5.6501183280488476e-05 5.401925933807241e-06 1.1268968771248943e-07 0.47364775235658296 0.6118045582034061 2.0236369699424577 0.6936088932072421 -1.556160039974014e-08 -5.1756428288820296e-08 0.2874358300768989 1.8870891199089126 EXP_PCA 21.233628436876106 0.02264956523868974 0.0031277350272865385 0.010402554331679815
320258 PS1MD 0.3412 0.001 55854.926718950366 1.5058230296963302 2.5110411317923316e-06 1.95679092051482e-07 0.30852764301477165 2.9678087842165786 0.04663518224504168 3.0259779634751154 2.6646616204700454e-07 -9.588014915205165e-08 6.939703883469193 3.4434986696525534 EXP_PCA 22.065365433307164 0.08460867966859864 -0.11521593804832432 0.04145712626287688
330022 PS1MD 0.2641 0.001 55870.66025667415 0.5514703966073284 4.363946289957948e-06 1.8645225161776886e-07 -1.9847407975482816 1.279315346690897 -1.711038071886777 1.1339637498911919 -9.273173953547523e-09 -9.948447669594036e-08 0.9145289506597899 1.3096517685578042 EXP_PCA 21.46530150801769 0.04638873775919798 0.0023071367119148587 0.02475142703033582
330089 PS1MD 0.349 0.001 55890.08254468358 0.8241882129914302 2.283526236670298e-06 1.0519765573036936e-07 -0.661369879464446 2.52421907605261 -2.0559634647089333 3.293209178178492 3.679508708601261e-08 -5.8693680462974e-08 7.791349444754657 2.2588497349779186 EXP_PCA 22.16848498545921 0.050017775862600915 -0.017494766455919752 0.027906775427322006
330128 PS1MD 0.3212 0.001 55890.20688325135 0.6155213285564969 4.0115306464942954e-06 1.4182563373161283e-07 2.224971159471033 1.5097343383345194 0.9596478086340543 1.5823157758555977 1.2581417880742198e-08 -9.113731411689365e-08 2.032921603992379 1.9294279498669822 EXP_PCA 21.55672471403043 0.03838565347612304 -0.0034052091593144776 0.024666664737461163
330146 PS1MD 0.1352 0.001 55892.902645719565 0.23560747177543817 1.1884290411580519e-05 2.1584850716641606e-07 -2.2011420801614747 0.5727730755114909 1.194995345652618 0.5634135449247256 -6.456217244287608e-09 -6.348490591102077e-08 0.24671529595986774 4.697863923708629 EXP_PCA 20.37756686015186 0.019719691362069733 0.0005898331802020122 0.005799913870843532
340334 PS1MD 0.3065 0.001 55915.20281850493 1.0364615574872005 2.673939532592242e-06 1.6998439014556524e-07 -3.8154930617998377 6.033702435412276 1.1767841687897402 4.297022349366124 2.622635524092105e-08 -1.7761878423513977e-07 23.00415656920321 0.5237344708650667 EXP_PCA 21.997121044815273 0.06902108457398506 -0.010649045371759473 0.07212098192147925
350047 PS1MD 0.2335 0.001 55934.703607197385 0.5738915748552245 3.845704259747696e-06 1.4504958571109114e-07 -1.3057025644914813 3.2531885567647016 -0.2671523617373608 1.4396909864367835 1.082640050402034e-07 -3.230653422636141e-08 3.997139462697375 2.2429136262143117 EXP_PCA 21.602560291727254 0.04095103940780699 -0.030565571870567413 0.009120923370774097
350078 PS1MD 0.3006 0.001 55929.964745378595 1.7623886177898385 2.4092090140110365e-06 2.4593472758570595e-07 -4.020984423774212 2.8812698135210235 -1.8040797503468458 1.4411169577670768 -2.3603048393290664e-07 -2.0025620437907426e-07 3.565224859834552 0.8553429270526113 EXP_PCA 22.110313801484082 0.11083315569310984 0.10636970073671025 0.09024763316812345
350083 PS1MD 0.3676 0.001 55946.94256396846 0.7808783495565876 2.8472534773794372e-06 1.3181562940523128e-07 1.192576779979317 1.447398912677639 1.1696157445557254 1.6257449203565042 1.3230752291579557e-07 5.362095270056055e-08 1.9848645624083083 1.5856301785826525 EXP_PCA 21.928934669920714 0.0502649315683556 -0.050452504117673116 -0.02044714674796177
350233 PS1MD 0.1692 0.001 55957.49494743782 0.1597804535740579 1.0145140422087622e-05 2.0802604164296236e-07 -0.49728196420927145 0.4730243767247963 0.980457574812293 0.4022098564710431 1.2394409134845701e-08 -5.388421841184545e-08 0.11158517350966965 1.78798431143945 EXP_PCA 20.54935484345541 0.02226301416711291 -0.001326453668890443 0.005766706458538748
350316 PS1MD 0.0796 0.001 55964.29599415011 9.117386071011424e-06 6.441545000392259e-05 3.446810784945355e-07 -1.6735135672498642 0.17771747348515074 -0.6684328165182166 0.10580615043154303 1.311507278617795e-08 -7.062081119602433e-09 0.015373725790713682 29.719720180858832 EXP_PCA 18.542524887240692 0.005809673393476362 -0.0002210573604798904 0.00011903288965650741
350548 PS1MD 0.1806 0.001 55962.40565769622 0.00014578633636119775 1.2550523653216424e-05 2.0521925791446763e-07 -0.6474951990987884 0.537061989099985 -0.6743265515057154 0.5580788875415154 -2.8101796391304416e-08 -7.002658945634359e-08 0.26128278462715093 11.700564454100137 EXP_PCA 20.31834538367292 0.017753361085792743 0.00243106491839177 0.006057946709578228
360112 PS1MD 0.1806 0.01 55984.63153573969 0.6535463626278215 1.5508750192460166e-05 4.703667737696775e-07 0.9714461758101505 0.873388608378116 -1.250207717722492 0.5662057287525267 3.039527698600277e-07 4.6751239437585505e-08 0.3804631639560459 5.8928900293722934 EXP_PCA 20.088557998436357 0.03292942561195536 -0.021279118089992107 -0.00327295962890551
360140 PS1MD 0.2307 0.01 55974.65017002057 0.31449100446116063 6.238692894093037e-06 1.633921553836848e-07 0.3562530382258317 0.7426344302759325 -0.15707411251853426 0.7054448759735721 5.196371358597879e-08 -2.2474238004555985e-08 0.4013504528587818 2.344518910947779 EXP_PCA 21.07726598106091 0.028435568425158476 -0.009043382344945684 0.003911251008845322
360156 PS1MD 0.0462 0.001 55988.57080930797 0.11118577259549056 0.00015344274465562452 1.0832516866564132e-06 -1.3485829846080275 0.36254127835608596 0.4737516539689125 0.20789594940618492 -5.830069602891344e-08 -7.60728111773068e-08 0.07036297485271766 18.35153284194421 EXP_PCA 17.60013410451767 0.007664914869111508 0.00041252635687176865 0.0005382789878941555
370098 PS1MD 0.2212 0.001 56001.194595691 0.5799959662508627 8.315093754293794e-06 2.6633724637129647e-07 1.0549304227153098 0.739352354526023 0.8285672317443455 0.647726903418862 8.179632150633043e-08 -4.120213141365014e-08 0.34804823279339153 0.9299564007756831 EXP_PCA 20.765332124155982 0.034776756535255915 -0.010680484225400248 0.005379932819867712
370333 PS1MD 0.0755 0.001 56014.345148634646 0.0843217237306817 7.899829989101181e-05 3.9372049754560294e-07 -0.2225185442727477 0.2751645058312119 -1.066184168195064 0.2846016157049754 1.520991780464185e-08 -3.883607322388783e-09 0.07029086372812983 27.616152972875042 EXP_PCA 18.32095563746684 0.005411212637872001 -0.00020904194716440792 5.3375491381442104e-05
370356 PS1MD 0.0264 0.001 56015.86943685147 0.05424308748479234 0.0005974123830931463 2.142413817755998e-06 0.4796019923286732 0.2230194347065916 0.44596942189018673 0.1363579646093673 3.809388875184866e-08 3.9329395469413084e-08 0.02854372991464015 24.096383602715413 EXP_PCA 16.124314449084977 0.0038936190700772544 -6.92317658093503e-05 -7.147717352509968e-05
370369 PS1MD 0.1912 0.01 56009.500166893165 0.2764086967727053 1.3406794066088972e-05 4.295758746802819e-07 0.779312403340254 0.6940502288752411 3.0622211534004555 0.7500572951730567 6.503970084428543e-08 -1.9638480697307725e-07 0.29501410677711964 7.130799080134823 EXP_PCA 20.246687653779766 0.0347887852630441 -0.005267177045099392 0.015904032980892043
370428 PS1MD 0.1777 0.001 56006.68491033948 0.15202011279689032 1.3586848399294814e-05 1.7923286753234178e-07 -1.7164468501185437 0.42631580754832504 -1.8377770680656584 0.3036470889955617 3.0301776668640665e-08 -1.1797252145562723e-08 0.09325347915023839 3.165885314896291 EXP_PCA 20.232203175962617 0.014322645520397614 -0.0024214398387889515 0.0009427280996057019
370563 PS1MD 0.1852 0.001 56023.21534086244 0.24038236225169385 1.2154392290824083e-05 3.1114184950309295e-07 -0.16774763330749776 0.490362534929477 -0.5585068615054815 0.4526399057063742 4.061467475855571e-08 -9.1196340148699e-08 0.10261914213430828 0.8527903110535168 EXP_PCA 20.353166876572303 0.02779390057008015 -0.003628056572036993 0.008146451576656041
380279 PS1MD 0.3491 0.001 56032.14537977252 1.6255539938429138 2.2278940828473843e-06 1.8203591642175868e-07 3.049411512352648 4.632505128798177 3.016842074789896 6.701194878464994 -2.104636978209734e-07 -6.288000401730354e-07 29.479704090182015 0.3996117177966279 EXP_PCA 22.195263649913116 0.0887129179735639 0.10256684025995451 0.3064378034958847
380378 PS1MD 0.2712 0.001 56051.11186533801 7.762564200675115e-05 5.841055459355437e-06 9.006345885659391e-08 0.49447331112858495 0.39470624960983186 0.13183969781249988 0.40161438986896925 7.54137300039112e-09 -1.872672576536446e-08 0.08282548492441819 7.649708007380411 EXP_PCA 21.14877167555909 0.01674100831378493 -0.0014017914668137095 0.003480926401318019
390264 PS1MD 0.2921 0.001 56045.93802368586 1.1549943869031267 5.038420113076255e-06 2.270964929189863e-07 7.390290810918809 1.4146123954154954 4.2141586957862796 0.6805004450824192 4.2365404352502706e-08 -6.144659064961092e-08 0.7013599072804553 0.5156562552518639 EXP_PCA 21.309264057565215 0.04893734123040364 -0.009129380302240324 0.0132412118541067
390471 PS1MD 0.3704 0.001 56068.01417412678 0.4234878499919432 4.247513213809354e-06 1.0260743987141879e-07 -2.895928939659519 0.9758861675079193 -5.451465592132293 1.293846553061728 3.3490799612947786e-08 -9.937105966526628e-09 1.0637036470679593 1.9960738034066488 EXP_PCA 21.494663153468913 0.02622819676787532 -0.008560814725156744 0.002540092325857622
420100 PS1MD 0.0963 0.001 56129.47825941324 1.2124185005304753 2.9112632337259094e-05 2.562228356839476e-06 7.386265351808007 3.7107457120089147 5.463617568761482 2.2643945566408976 -3.944953248612318e-06 -2.93659670718255e-06 8.069927283755264 3.3768562290254995 EXP_PCA 19.40479631070213 0.095556597550205 0.1471244001049974 0.10951841547083482
420159 PS1MD 0.1808 0.001 56154.032145754194 0.21632619412775966 1.4044334026013081e-05 3.045053268305664e-07 -0.9157162503237485 0.502856790965248 -1.2241029495496232 0.4555775022513842 4.155460101302156e-08 -6.531633998479063e-08 0.15445977593380372 3.542255043309175 EXP_PCA 20.19624712490201 0.023540629072855198 -0.0032124937152982476 0.005049460868164073
420258 PS1MD 0.2748 0.001 56167.3468641338 0.00016250892804237083 3.2095134671573675e-06 1.2502244832027904e-07 -5.841458325368174 1.3983138717536143 -6.552174827311131 1.5422007760088747 1.7736710485428314e-08 -8.41764412863258e-08 1.4753365164097372 2.4962420783796246 EXP_PCA 21.79890199417744 0.042293450374288014 -0.006000095941145475 0.028475783269794813
420407 PS1MD 0.2454 0.001 56174.1917387185 0.5582275633205427 4.69576429613177e-06 1.4060054784533708e-07 -1.2991313108989786 1.3705362560504128 -0.3165261079560058 1.6095255428957416 8.101397348257199e-08 4.26263072994585e-08 1.9143566634430553 0.6100023778649978 EXP_PCA 21.385734276557407 0.03250910726721586 -0.018731733228987267 -0.00985588760242772
420417 PS1MD 0.3618 0.001 56170.503217469915 2.8720875110193447 3.021794596479295e-06 2.39508630962088e-07 0.8439447088910359 4.344109305552534 -1.0726788930253979 5.570433696105218 5.967422045340628e-07 4.855681573559322e-07 22.36818226805529 1.4313370564184236 EXP_PCA 21.86433764933677 0.08605587960563905 -0.21441054171077314 -0.17446550766000762
430004 PS1MD 0.2318 0.001 56186.06515928701 0.5043457880638016 7.929488637458358e-06 2.1012557315052982e-07 -2.6760090382468893 1.349763193322188 -1.0858018700840928 0.6116801543948958 -3.95623270561789e-08 -6.089816351620962e-08 0.6357502414881059 2.5034890354075627 EXP_PCA 20.81688704718229 0.028771204896790054 0.0054170265944341765 0.008338411713018443
440008 PS1MD 0.1466 0.001 56215.965984224844 1.803414852474816e-05 1.4266278503121744e-05 1.2217513137093385e-07 -1.4038624160354831 0.23813868888376624 -0.0958028124878793 0.22816511981293433 1.1722128977699404e-09 -1.4313595293459326e-08 0.038867602624796944 1.6090950666309949 EXP_PCA 20.1792232550803 0.009298147615825472 -8.921135126548732e-05 0.0010893372526663994
440042 PS1MD 0.1592 0.01 56213.960817263396 0.11727443079143995 8.94457591636109e-06 9.317478426826855e-08 -1.7674756715591449 0.32781815842874773 0.6873171408298431 0.26351059815341327 7.759206280157049e-09 -8.425026298814866e-09 0.06478914239543694 2.695899882195581 EXP_PCA 20.68610061385955 0.011310009283452254 -0.0009418502629222992 0.0010226707408151879
440162 PS1MD 0.4198 0.001 56215.44453998517 0.7320215306972386 2.2112435199805254e-06 9.378138773819608e-08 -0.7218018320254824 2.313246097656218 -1.095414585592998 2.0958129860036525 1.3674359396049174e-07 6.948000531977578e-08 4.158839933166434 0.9727203224534189 EXP_PCA 22.203408566936275 0.04604732453923318 -0.06714207159461051 -0.034115173928528864
440509 PS1MD 0.3192 0.01 56228.7792258994 0.7828518833302951 3.6372929606683448e-06 1.9839176716518333e-07 -2.1644604743186875 2.747588319386522 -3.030918354634397 2.939714335138528 -9.126062689219703e-08 -2.738886383432232e-07 7.1562613658720595 1.4501661274435147 EXP_PCA 21.663054294739005 0.05922017463713045 0.027241403911433915 0.08175607902270865
450175 PS1MD 0.5196 0.001 56242.64647709369 3.478927114218095 1.002122050796649e-06 1.9324370421205167e-07 10.288547446463557 11.190484301436838 7.77593479289751 8.035484485766274 -2.0362814760587303e-06 -1.5011451517289997e-06 86.56097605924677 0.41982205810295053 EXP_PCA 23.062698453758003 0.20936739775140487 2.2061828894771196 1.6263963441714946
460003 PS1MD 0.1506 0.001 56278.57795515235 0.10672736931883264 1.528007500343513e-05 1.140523567182958e-07 0.09594179129087964 0.29085617374445805 0.9031975962312881 0.25263850176291314 8.194172946521091e-10 -1.1763883648739265e-08 0.05635485259172964 6.6900239605946075 EXP_PCA 20.104686284967237 0.00810406839620907 -5.8224257630197954e-05 0.0008358908174944817
460037 PS1MD 0.3026 0.001 56278.71412600596 0.8474963701191882 4.347029860325705e-06 2.5287478576072067e-07 -0.04757032143016286 1.6185864977828393 -1.373636495463486 1.5470656819169961 -6.310169699362148e-08 -2.573506867152242e-07 1.7595146463187457 2.7228037228677833 EXP_PCA 21.46951844143104 0.06315928783390015 0.015760599583854423 0.0642772115361431
460105 PS1MD 0.2106 0.01 56288.90331159809 0.2072724488498352 5.665844028400546e-06 1.32982890239228e-07 -3.647571922859204 0.8182861917642139 0.5164227467968828 0.6567709096058599 3.218160364419435e-08 -3.725998700304032e-08 0.32823171879077717 2.94344814968799 EXP_PCA 21.18183846270403 0.02548328860137466 -0.006166906824214441 0.007140068924459689
470008 PS1MD 0.2396 0.01 56298.28586821873 0.5557621283078333 1.0435501970303393e-05 3.877002105633346e-07 1.47983322434938 0.7552859946866027 0.6154885048256674 0.9592879092802936 9.108364588849683e-08 -1.2766823208722814e-07 0.5584009414870166 2.528972087399452 EXP_PCA 20.51871663897127 0.04033731739966549 -0.009476574513035603 0.013282928044000665
470041 PS1MD 0.3316 0.001 56303.498632707735 0.6177358424210979 3.818277533091136e-06 1.1005189225805755e-07 2.596598780540105 1.4030173584050079 2.7278602524268107 1.384734431874401 -2.167401736301327e-08 -7.09840337668606e-08 1.7082591930439452 1.289155774382569 EXP_PCA 21.6103312697999 0.031293514625685546 0.006163057857800342 0.020184477097991666
470232 PS1MD 0.2006 0.01 56314.40563146814 2.5072971766348928e-05 8.941829270685805e-06 1.092855867549548e-07 -0.9053339778905071 0.30197166109241513 -1.1014656364444193 0.26004188823272373 -3.034524163925453e-09 -1.918534188098026e-08 0.0538960964051206 5.4591909063769855 EXP_PCA 20.686434066293792 0.013269691760619975 0.0003684584718910169 0.0023295256093885477
470244 PS1MD 0.3606 0.01 56318.99704759102 0.4138438650224998 2.448905608685169e-06 5.786358423422051e-08 2.197536002144599 0.939805446951692 1.3171807759072358 1.241208606339975 1.796652686292663e-08 -6.055000022510957e-09 0.9788795509973047 1.33698756667959 EXP_PCA 22.092569885307036 0.025654148578595392 -0.007965561685863551 0.0026845186359718957
480064 PS1MD 0.2426 0.001 56325.98234111359 0.40437267735615023 3.5920405734531336e-06 1.3609689584912916e-07 -1.0367883869921946 0.7519286106122786 0.47049422586905365 0.8776344700442303 4.417580399321097e-08 -4.9181251317405704e-08 0.3954453697756496 1.4267820267744242 EXP_PCA 21.676646916142616 0.041136875866784765 -0.013352652563058166 0.014865607461466644
480464 PS1MD 0.2212 0.01 56341.51691213385 0.19828078195496346 9.253630326748453e-06 1.6082469197862227e-07 -0.8951467900267945 0.4479832562451652 -1.600723245148565 0.3985822783676744 2.8137732042552045e-09 -3.9704767447006225e-08 0.10916340321638474 2.215618890165879 EXP_PCA 20.6492196352965 0.018869695950088843 -0.0003301423692069662 0.004658593654223089
490008 PS1MD 0.1206 0.01 56362.03448561828 0.08158983435714617 3.195950207690333e-05 2.3557728136413606e-07 -0.31249247658424645 0.30380187809768316 -0.6815741167739711 0.29678522573669763 1.7550360153899577e-08 -7.556178282087598e-09 0.08155217811030398 2.307628162729409 EXP_PCA 19.303499988831426 0.008003090372937314 -0.0005962252284088008 0.0002567003800850363
490521 PS1MD 0.3412 0.001 56368.91140978865 0.0003559298893378582 1.8165748969263725e-06 8.047408892928248e-08 -6.600376464409822 2.079138319170969 -2.2630610661840636 1.9407947028183066 -4.855822770699917e-08 -8.284088511167592e-08 3.1531518166011305 1.474422487350208 EXP_PCA 22.416866728949522 0.048098006882778536 0.02902243444494498 0.049512601078072004
500004 PS1MD 0.2504 0.001 56373.93114767971 0.9000560784879781 7.076823134932312e-06 3.6448299566508016e-07 -4.497801709610083 1.7808449196763183 -1.9765971197146435 0.9853963537272548 -2.293124020242551e-07 -2.0585425813147126e-07 1.5152064760353847 0.8331967410228108 EXP_PCA 20.940404145536373 0.055919496201463706 0.03518143273198624 0.031582451150109415
500057 PS1MD 0.3804 0.01 56392.73097989656 0.512507775274571 3.0032825203551235e-06 6.91689283006317e-08 1.1555279524589956 0.913513052038725 -1.5002663654400827 1.2028358562794463 2.0690305387592225e-08 -4.758643749029334e-09 0.9358405998719882 1.1463426211781977 EXP_PCA 21.871009528926464 0.02500570931682942 -0.0074798869219119555 0.0017203282637745908
500100 PS1MD 0.3106 0.01 56391.80989073835 0.5550004675205855 2.9735716044746333e-06 1.4838711444903337e-07 -0.4961041118661237 1.3340096175645977 -0.10300305445846598 1.7740765592468482 4.019242370858262e-09 -1.7919614566703996e-07 1.6090588313831178 1.6603130149717205 EXP_PCA 21.881803997751348 0.05418038773119381 -0.0014675405667622097 0.06542964790592003
500504 PS1MD 0.1994 0.001 56413.49325000072 0.00015308643560274504 6.75158357343457e-06 3.442583303246631e-07 -2.7547451228465993 1.5601489961412864 0.9508779554978714 1.7834687650476893 1.242285035078672e-08 -3.4055556674316874e-07 2.144523433268326 1.2380000556741284 EXP_PCA 20.991485880313483 0.0553608985147953 -0.0019977444173559984 0.054765449397656825
510251 PS1MD 0.24 0.01 56423.89931432792 0.00016199893434531987 4.1966494683214525e-06 1.6156652490644278e-07 -1.1630167335641959 1.0306588380312938 1.4324466381289434 1.3147951465391863 1.886209658223885e-08 -1.21585061737943e-07 0.9321705646493935 1.0462137510473972 EXP_PCA 21.507743260990416 0.04179968493724203 -0.004879907486095676 0.03145588033575682
510457 PS1MD 0.5027 0.001 56431.42532451097 0.0009108657977776602 1.0206780775921794e-06 6.598192783093713e-08 0.977824176890136 2.4518051961158425 0.6975764708427004 2.4348991249510292 -9.731492157856166e-08 -1.0414789048533632e-07 3.9580372495733904 1.2436466490962659 EXP_PCA 23.042778032566602 0.07018762279560828 0.10351778483407305 0.11078628789193541
510578 PS1MD 0.3701 0.01 56438.30028797637 0.00010460168414283544 2.969924003071779e-06 5.878112406962286e-08 1.1882586481105424 0.6836996356679592 -0.4942083860609045 0.8496531245065048 1.2940171910795659e-08 -2.6148678860354565e-09 0.40422312962812795 1.400373755423734 EXP_PCA 21.88313665908815 0.02148903288190523 -0.00473063052280583 0.0009559358190955817
510638 PS1MD 0.27 0.01 56439.45808447792 0.22006697226242977 4.860125129175936e-06 6.919693936718362e-08 0.5523835243206456 0.4466760674758369 0.05896556523454945 0.3620101649183706 3.726278392543332e-09 -9.962769626832785e-09 0.10199494668063139 1.4395263396478704 EXP_PCA 21.348381373031987 0.01545837202387895 -0.0008324385179930962 0.0022256504505576537
520023 PS1MD 0.268 0.001 56441.99105897022 0.9371809684162145 4.346245835670464e-06 3.3345423057226213e-07 -2.687393431521163 2.528123471941479 -0.11540329575668885 1.9680180418403637 4.18792724981082e-07 -9.915657856706157e-08 3.2967498346987085 0.6006640484549225 EXP_PCA 21.469714281062885 0.08330024219769436 -0.10461866194256175 0.02477031704157966
520062 PS1MD 0.308 0.001 56456.05744117943 0.4700597980954626 2.7996786587061095e-06 7.588072056976421e-08 0.17114080869148465 0.9334809570247526 1.2164702610426652 0.866819641428956 8.767892689543157e-09 -2.8295996244710667e-08 0.5731925892294495 0.5873211498491148 EXP_PCA 21.947229533036822 0.029427107753788925 -0.003400253990888616 0.010973397778008145
520077 PS1MD 0.25 0.01 56446.94495186646 0.9564306908505387 3.535488236000812e-06 2.1797706646761385e-07 -2.5381170963514195 1.956077736184649 0.3504299671644414 2.060054173851253 1.4897818122619202e-07 -8.062652054172799e-08 3.2448092604709373 0.6584614819117317 EXP_PCA 21.693876508727428 0.06694000292829805 -0.045750684001500216 0.02476012549679688
520188 PS1MD 0.2804 0.001 56482.38494724871 0.24161658369121142 5.951884102014589e-06 1.0885486917187134e-07 1.9331615217547664 0.49574014588206544 -0.20973430261475628 0.595546024010041 1.3935658164651375e-08 -2.2674449067313268e-08 0.2125142231873338 2.045811386055838 EXP_PCA 21.128363835433667 0.019857186480514 -0.0025421275594687542 0.004136248262460853
530112 PS1MD 0.3148 0.001 56487.42637175136 0.4629782459596754 2.6063348925990495e-06 6.788246457634259e-08 -0.817040664315599 1.106429318494387 -1.1648333804457902 1.157453410444127 -1.8666798718185418e-08 -3.8498958114720295e-08 1.0275770600593461 1.4107104389155414 EXP_PCA 22.024924454421836 0.028278196201122086 0.007776137768334132 0.016037736665887835
530219 PS1MD 0.3288 0.01 56473.27145091266 4.504555101637379 1.7888961366419408e-06 4.826325415683217e-07 -5.301436992308152 6.864130551404808 -1.26951204675189 4.3325181144397895 2.9528883436681844e-06 1.6454383275744753e-06 27.99394152745254 0.5324815714711099 EXP_PCA 22.433537184625052 0.2929245657374037 -1.7921989531192817 -0.9986672386122195
540163 PS1MD 0.3297 0.001 56516.9926958688 0.5980493017123081 2.1632846408641573e-06 7.940008814254625e-08 1.7540476164332237 1.5532920712115426 3.220429252758391 1.694892060341231 -5.441319589433519e-09 -7.064072571913824e-08 2.1542435583013817 0.614746475588533 EXP_PCA 22.227215832905316 0.03985030389847921 0.002730957160379799 0.03545404612729061
550041 PS1MD 0.2588 0.01 56558.867718987975 0.4272694177707308 7.388065060420817e-06 2.085078360967021e-07 0.1548693688363827 0.6967893411194144 -1.7220082146987017 0.5978380492671714 8.998942101787828e-08 1.0249752174218045e-08 0.3140093401109237 1.569378966926148 EXP_PCA 20.893673221879794 0.030641921094975957 -0.013224676778735275 -0.001506284383574854
550096 PS1MD 0.2246 0.001 56573.251468387425 0.5326764012424974 9.98842661788632e-06 3.353687584099924e-07 2.931883989941304 0.9161145733239534 1.9291838576188256 0.7828404008075518 1.0201693815810307e-07 -1.0207447499587412e-07 0.43949363120424506 5.827584712179465 EXP_PCA 20.56625729169351 0.036454390353979904 -0.011089182260044739 0.011095436481081258
550154 PS1MD 0.2102 0.001 56571.629895162965 0.4282173483625229 8.151238348018389e-06 2.458876148716774e-07 -0.13172332881537505 0.7026557595342872 -1.152361737341498 0.6195130492332557 6.153551489821933e-08 -7.766259372431834e-08 0.2428144250236103 1.1074266479427302 EXP_PCA 20.786941018991556 0.032751966556431915 -0.008196464580093184 0.010344574181469352
550218 PS1MD 0.3878 0.001 56557.36915928787 1.515784505452757 1.575148084092053e-06 1.0427762690998272e-07 3.6497561490288843 4.136406907925584 7.343479363990652 5.266865488461499 -1.6493564021034222e-07 -2.5165017675991774e-07 19.899466053668107 2.136650394511645 EXP_PCA 22.571696526779824 0.07187768313713182 0.11368873684949606 0.17346033087391802
560087 PS1MD 0.3068 0.001 56605.99840334699 1.088308026392042 2.834579184334349e-06 2.9070149302629835e-07 0.3251219196263703 2.1619097963943656 3.095698583851104 3.300417784245193 -5.917772509708393e-08 -6.329228099549309e-07 3.6691094628547245 0.22258603170690602 EXP_PCA 21.933778516078256 0.11134814560843324 0.022666997277134147 0.24243006277021378
560121 PS1MD 0.3652 0.001 56595.0111230168 1.0433816110926273 1.8579559981664152e-06 9.100863531329437e-08 -1.8108586873429309 2.2229629488809266 -1.0827965075605248 2.8033702008871377 1.0917959061551185e-07 4.379593345629831e-08 5.348646576406956 0.40353344862852125 EXP_PCA 22.39241143896117 0.053182836624111746 -0.06380142181457336 -0.02559308757667459
560152 PS1MD 0.2488 0.01 56598.82136707325 1.5532749871053966 6.384543541312355e-06 1.2588800797414452e-06 0.7413880851275008 0.8922084577028419 -0.2353500956762388 4.177960006923434 -5.12089058718467e-07 -5.118448063062823e-06 2.333689977883617 0.5969032685797343 EXP_PCA 21.052175367213444 0.21408134679948276 0.08708431973460481 0.8704278290659316
570062 PS1MD 0.1238 0.001 56595.088925046104 0.17177161108338623 2.5916255022570577e-05 2.7551365689407497e-07 0.4683680315482337 0.4488958445062184 -0.18990846187535915 0.4882139420262817 -7.655888606163247e-09 -4.993779915119965e-08 0.20176614153658184 1.6008517483528588 EXP_PCA 19.53106938784257 0.011542375699524812 0.00032073597948729455 0.0020920953462287453
580235 PS1MD 0.3312 0.01 56643.88739043059 0.3583225508737087 2.5807388372422416e-06 9.409624786005947e-08 -0.8916097878673681 1.2549210523839875 1.1107115812127932 1.2807388845100023 -2.519268165129893e-08 -8.735153889913846e-08 1.0837993935719352 0.6842392298048484 EXP_PCA 22.035639856214267 0.03958699793999017 0.010598750314847766 0.03674944824152715
580275 PS1MD 0.3826 0.001 56654.58239378858 2.301112407392793 2.5044490951848857e-06 2.7143636830062735e-07 2.2528758476063895 2.9505629688733217 1.59661053416521 5.919740659120439 -3.1428646320760563e-07 -1.1753534180454094e-06 15.534433349821358 0.9780973071632632 EXP_PCA 22.068219478118422 0.1176738999880917 0.13625040030797292 0.5095427021501953
580300 PS1MD 0.2406 0.001 56653.98129718001 0.5845232147694333 4.5227200239717385e-06 2.551495420816652e-07 -1.9620701151808253 0.8766741986637544 0.34389501647732185 0.9137372188189256 1.332317212821614e-07 -1.1354252112023796e-07 0.28385813981665775 1.811680685237687 EXP_PCA 21.42650074034535 0.06125187807275441 -0.03198396156551272 0.02725731977799899
590005 PS1MD 0.1712 0.01 56663.0553055374 0.196126949012978 1.1893622081554747e-05 2.736166055912977e-07 0.04825050175454191 0.4419460458574748 0.17397638106813074 0.39334114967829087 3.926488539369623e-08 -5.62757269259826e-08 0.09922598082407517 2.0460048003533795 EXP_PCA 20.376714663184195 0.02497771098463081 -0.00358438391225912 0.005137257073888301
200132 PS1MD 0.2088 0.01 55841.147865156454 0.25353795701812487 7.819661353728598e-06 2.430019187765762e-07 0.961065762264956 0.837924146610822 -0.16143495102490546 1.0500482052295166 -8.738616209935554e-08 -2.09345026828143e-07 0.713266659790781 1.3263923201584293 EXP_PCA 20.83203013633746 0.03374007762057623 0.012133302926333604 0.02906692050097514
350180 PS1MD 0.2896 0.01 55951.94276028994 3.158211376521649 4.023063465854032e-06 9.867290439137129e-07 0.6572007776046368 1.4779700906709685 -3.521034211057684 6.2013391038225345 -9.795355696334947e-07 -5.980762646189644e-06 7.360643714415011 0.9834854045444701 EXP_PCA 21.55360779040084 0.26629643214839677 0.264355071906303 1.614076087078248
10 PS1MD 0.2457 0.001 55215.98367496751 0.6034250050906849 5.438046744372533e-06 1.6357356623599174e-07 1.8116200842339418 1.1227329152846923 0.9190365766041142 1.1309416750057273 -1.2323036042605496e-08 -9.320062064512312e-08 1.0262784740166324 0.45872485867676177 EXP_PCA 21.22639265905785 0.032658370064141524 0.002460362518553512 0.018608021022447845
14 PS1MD 0.1361 0.001 55199.660879138624 8.345574315171689e-06 2.467546454763987e-05 2.1338658006413338e-07 -0.763041780813075 0.21584457435501292 -0.7984278234680804 0.21155290268450888 -9.532915399745027e-11 -2.3943424652580994e-08 0.02642989011969791 24.53615387834974 EXP_PCA 19.584336656060458 0.009389145851250388 4.194543679782296e-06 0.0010535259816898557
38 PS1MD 0.1505 0.001 55204.80391345174 0.24651402279778267 1.9221441306896097e-05 2.510847188260026e-07 -0.7876041340915205 0.3927954458346482 -0.5772279376109473 0.2773302459039061 5.4884152079406016e-08 3.624849830101205e-09 0.08169704310364091 0.4722646716785535 EXP_PCA 19.855535125414413 0.01418269136732743 -0.00310016871412672 -0.0002047521116920739
137 PS1MD 0.1187 0.001 55212.95450785696 0.19822354193092906 2.0201149764097152e-05 2.415049379310122e-07 -0.6289362455977114 0.6240058769694027 1.2832496529074682 0.6648737685692436 -5.1377423413985285e-08 -7.417282940195866e-08 0.335752973196568 1.4274049711061016 EXP_PCA 19.801559779107134 0.01297998667410423 0.002761344248181951 0.003986512016963606
174 PS1MD 0.2448 0.001 55216.04734451661 0.00011109858678537421 3.700734489901555e-06 9.065497371513485e-08 -2.3872991383272044 0.6165282888963972 1.5866239949085268 0.8188963509227591 2.0662513533156823e-09 -4.738455440264132e-08 0.30105370538816895 1.7213747923424072 EXP_PCA 21.644280180876784 0.026596716779467424 -0.0006062050407958329 0.013901869048337883
196 PS1MD 0.3503 0.001 55216.644692568436 0.2948550223700295 2.8851576018384027e-06 6.166969975864486e-08 0.8934786509634501 0.8287273142380687 0.45271486652337345 1.204343721414283 -3.21194446337733e-09 -3.442489926104734e-08 0.8823826087754605 1.0342417140022053 EXP_PCA 21.91457614627123 0.023207406667095018 0.0012087119224749076 0.012954702872749314
202 PS1MD 0.6192 0.001 55213.764354627616 1.4736583004851127 8.886343623125027e-07 6.675040315781067e-08 -0.14960495032946594 3.3387867599728405 -1.4211287780050998 3.8413982404186044 -1.7117029786216642e-07 -2.3591891779655375e-07 11.711416740724344 1.168819742676802 EXP_PCA 23.193192242946715 0.08155584846172087 0.20913639788198002 0.2882464614270651
220 PS1MD 0.2196 0.001 55227.76726195639 0.12139519967604429 7.424859182220889e-06 1.0981015303374018e-07 -0.5734694390866211 0.34034947009724903 -0.4260431881942227 0.4047651967828021 -8.618231722564273e-10 -3.039159402914545e-08 0.08594192402423836 3.528604929060676 EXP_PCA 20.888279446597366 0.01605752457693083 0.00012602429180864533 0.004444158892166926
10010 PS1MD 0.0994 0.001 55238.546957282895 0.07909202848895802 3.410078784546505e-05 1.777556660555262e-07 -0.16064227550949545 0.19811185697834868 -0.07399046111926262 0.1778274282333859 8.046623530898647e-09 -4.217594144408866e-09 0.03182927974303991 8.067055097163987 EXP_PCA 19.233088967989026 0.005659569013829878 -0.00025619673460761984 0.00013428413092132018
20090 PS1MD 0.4098 0.001 55271.896853283244 1.159789349338098 1.8569999509611965e-06 1.1732423447894892e-07 -0.9572975019045313 3.0615252668136446 -1.4679616123676003 3.4256093512708534 1.863688632800909e-07 1.409993096398695e-08 8.37520762489191 0.7906463992560923 EXP_PCA 22.39297026932217 0.06859621563446594 -0.10896468909332828 -0.008243837337888393
30006 PS1MD 0.5025 0.001 55288.9527932298 1.9092288222673233 1.6011812504975406e-06 1.517669673672666e-07 -2.243884626833389 4.988436035647533 -0.13008636876566165 3.4237175866966183 -3.389713500182339e-07 -1.4814906711690965e-07 15.609746445226554 0.5259571097145158 EXP_PCA 22.553898760090092 0.1029108298050484 0.22985122201260885 0.10045758768408584
40150 PS1MD 0.3815 0.001 55337.26564036478 0.7567932186248072 1.9212220215200563e-06 6.158629494073946e-08 -1.4981089247879242 1.9422226101908067 -2.900143888456565 3.107452600233576 -1.2344409121460024e-08 -5.397041498846208e-08 5.301836483720029 0.5289304935301385 EXP_PCA 22.35605611003554 0.034804134756465585 0.006976170249657805 0.03050018836054778
40201 PS1MD 0.2797 0.001 55321.54304540451 1.078722773843765 5.6313202379471635e-06 2.549592624485205e-07 -1.1585913099986602 1.1265967904018515 -1.3604881284983597 1.0872756220293227 -8.463063116985223e-08 -1.5998545349277758e-07 1.0922924035225727 1.1453061492138312 EXP_PCA 21.18847443701118 0.04915694549093868 0.016317051137219055 0.030845697234770965
40780 PS1MD 0.2307 0.001 55359.50403859152 0.48187364520345 3.6301921400136926e-06 1.7222676860948735e-07 -0.07555373035846721 1.3521880545435156 2.954589683346284 1.4366642641326242 5.8413442726923533e-08 -1.42605887324402e-07 1.1348456871081403 1.8737941608440472 EXP_PCA 21.665175969682892 0.051510452035499164 -0.017470587552136322 0.04265128921775962
50003 PS1MD 0.4269 0.001 55356.3953985083 1.2458228121686261 1.917652426874272e-06 7.06278178062836e-08 8.079733426521809 2.057359580231441 4.289888420996612 1.6624290066981948 7.098836878253474e-08 2.6098263364162844e-08 2.9280933570918655 1.388845265812289 EXP_PCA 22.358075263989303 0.03998804881463048 -0.040192185520057766 -0.014776311399647657
50201 PS1MD 0.5501 0.001 55352.52342429278 2.0152591506957833 1.2038591686418974e-06 7.739661012396304e-08 -2.6954577280353296 2.4539555010120035 -3.4635560582319744 2.6818028666532596 -1.3552348339070628e-07 -1.5154434599547026e-07 5.026834491588003 0.6262925939762007 EXP_PCA 22.86356078821676 0.06980243530639478 0.1222258851741123 0.13667477671768957
50291 PS1MD 0.3253 0.001 55348.651579186575 0.0001741617415973451 2.5984891274473853e-06 1.0205376675515534e-07 -0.15801599087517446 1.5789519658417994 -0.44328456165647545 1.7146858698740286 1.5780920597364108e-09 -7.500414669732194e-08 2.079004539707456 1.6602227049102976 EXP_PCA 22.028197740011677 0.04264149817969839 -0.0006593799703061653 0.03133925661496585
50296 PS1MD 0.3509 0.001 55358.58444984384 0.8397375915046723 3.0207170234085678e-06 1.0074723634598407e-07 0.8970662339503708 1.971148687651581 0.10138384008388418 2.593253207109937 -4.5400714259305934e-08 -1.2461685478552577e-07 4.758940759158595 1.1113463363668759 EXP_PCA 21.864724892318545 0.036211575325493225 0.016318376998314402 0.04479103137276276
50303 PS1MD 0.3283 0.001 55356.23064821416 0.8190341939043719 1.7057818061413248e-06 1.072374500942918e-07 -1.3892442430621683 3.7050711037688386 3.6765631629096904 3.4686262715654403 -3.073405940031931e-08 -2.0208713034916585e-07 10.479736095082147 1.3452126262128554 EXP_PCA 22.48519130520898 0.06825701954032291 0.019562338447962648 0.12862917938613908
50580 PS1MD 0.4504 0.001 55367.90327071255 0.00023689190129516646 1.5665727003553935e-06 5.645835243361771e-08 -4.521706528077588 2.1019516098887574 -3.8135074879330566 1.9712736502000503 4.252559799382857e-08 -5.6274611812711225e-09 3.349840753951425 1.4706608637586893 EXP_PCA 22.577623614738087 0.03912928987225853 -0.02947298989725459 0.003900194573792142
70242 PS1MD 0.0642 0.001 55426.56136815591 0.04859988622774836 7.542892568758466e-05 2.180860113625026e-07 -2.029148209265083 0.163028614510432 -0.4183021428400255 0.16760194707871595 1.5619323401177964e-08 8.885167957109504e-09 0.02513848132986303 70.918703171927 EXP_PCA 18.371155194427374 0.0031391654611161415 -0.00022482707735655989 -0.00012789455037907918
80064 PS1MD 0.0655 0.001 55438.257435208834 0.3212778887427703 7.703622293395709e-05 1.39033440765722e-06 3.5333705597645806 0.3394986287760179 3.166816827294145 0.2380963690056312 1.015507995668034e-07 -9.186795525017025e-08 0.06662074489277553 23.773687276016375 EXP_PCA 18.348262546768538 0.01959515076963876 -0.001431240726928395 0.0012947722678164019
80646 PS1MD 0.3185 0.001 55462.37220141813 0.37738557574994047 2.6824931953981814e-06 6.81211062498731e-08 0.1739217115554791 1.182049400772412 1.9216986744598683 1.2172727358064146 -7.425878972911444e-09 -3.5699778873277116e-08 1.1535444746754469 1.036912846619993 EXP_PCA 21.993653427556723 0.027571943701681555 0.003005616441776393 0.014449446690515406
90037 PS1MD 0.1453 0.001 55467.31175065042 2.432582856697991 7.150959358162978e-06 1.0747916334737575e-06 0.13267868768994096 2.4936852535417984 2.37240114082018 1.1312897235400359 1.1108555764520617e-06 -4.1170187935020884e-07 1.8419693187989263 2.092890682220325 EXP_PCA 20.929089225564766 0.16318652233724418 -0.16866214128803297 0.06250904439377426
90275 PS1MD 0.1396 0.001 55493.89573838303 1.382431946694851e-10 1.5190724365592831e-05 1.449196069427084e-07 -2.3626136358598284 0.2435013443229024 0.24214202744431088 0.19902303775048158 -1.000775900500308e-08 -1.587926960097568e-08 0.03440358766040555 6.551309148016179 EXP_PCA 20.111053791070617 0.010357930290237058 0.0007152908589953203 0.0011349490317884283
100101 PS1MD 0.4294 0.001 55516.60557674973 1.093825549363828 1.2761505057458412e-06 7.705558184887869e-08 -4.318034256331362 3.7443551805101825 -4.588885727448151 3.8387367970305615 2.127115873510282e-07 1.7989813995863927e-07 13.340865444607983 1.0100541290690883 EXP_PCA 22.800245257688502 0.06555812548390208 -0.18097291073328822 -0.1530555548442812
100206 PS1MD 0.2166 0.001 55517.82356153497 0.26989813720501843 1.1106475582685013e-05 2.92746041566646e-07 0.3304736911241814 0.5205742656137152 -1.4028378741008085 0.6268468840029428 1.1902186935292618e-08 -1.0599705488570723e-07 0.21658483060635303 0.40838840569851775 EXP_PCA 20.45105933460649 0.028617987205955413 -0.0011635225932151493 0.01036195859166738
100358 PS1MD 0.3666 0.001 55518.86824516722 0.4176583765693067 2.61489383150561e-06 1.8015761010173388e-07 -15.829982247823239 11.468955367806938 -19.241573634497374 13.27098478697027 1.5422033085752865e-06 1.5921594085006523e-06 150.30205826588923 0.14322285646005 EXP_PCA 22.021364848566613 0.07480366410804766 -0.6403418552002386 -0.6610842446938321
110425 PS1MD 0.3806 0.001 55554.81924494257 0.6401672456195229 1.933721218091486e-06 5.5226225854160435e-08 -0.043352964191916546 1.5682424497182372 0.08678950919876335 1.8249838550914317 3.237204878480795e-08 5.035095277494624e-09 2.457206476357218 0.8784679280345338 EXP_PCA 22.349015343434505 0.03100814755561866 -0.01817609749483524 -0.0028270803392115213
110430 PS1MD 0.4206 0.001 55553.728811549365 0.7182781097908446 1.2899935205853937e-06 7.149876681538536e-08 -2.0750851542703996 3.631278622925759 1.7913766889176583 2.6348893231668233 1.9994200903444895e-07 8.910455595644872e-08 8.20936667757275 1.0715117476602647 EXP_PCA 22.788531177703575 0.06017766638997952 -0.16828323134698095 -0.07499575840265538
110460 PS1MD 0.1996 0.001 55560.39593108681 6.687473796773702e-05 7.609077231008957e-06 2.8451683189323833e-07 -0.08180804512396735 1.2091179127942413 0.48786020947489644 1.0369646346687043 1.4469249990187827e-07 -1.0861608406065102e-07 0.7126857720629804 0.6024648607639116 EXP_PCA 20.861670019630733 0.04059759362024639 -0.020646115281918394 0.01549838584935272
110484 PS1MD 0.5106 0.001 55543.147246006236 1.4841580408356094 1.147179585084314e-06 5.944189383848372e-08 -7.979448418994114 4.017838640568785 -5.0850434984710375 3.166674325039019 -1.0840580761805244e-07 -8.986461619458089e-08 11.937042532204185 0.6783489180890034 EXP_PCA 22.91592147550371 0.05625816311496479 0.10259955081776809 0.08505143274666901
110542 PS1MD 0.4267 0.001 55550.56659443972 0.608094604791404 1.635929861706702e-06 7.542116097263383e-08 -3.598475208340027 3.3714285170184946 -3.5510753075739308 2.3928638242906457 2.0886723142634057e-07 1.233191780586149e-07 7.522731308708074 0.9109480059247803 EXP_PCA 22.53058830014389 0.05005562095886519 -0.13862129450378008 -0.08184464352253351
110716 PS1MD 0.3156 0.001 55564.01538773761 1.3124429733579746 1.8667396296508662e-06 1.2893923194205504e-07 -3.2300583610337825 3.2699984094652064 -1.1133609912369056 2.9048566554598754 1.0150558141152816e-07 -1.0078378728508184e-07 7.808020425905834 2.3482730055424663 EXP_PCA 22.387290631602205 0.07499385029897175 -0.05903784489973679 0.05861803380074002
110721 PS1MD 0.5779 0.001 55561.27798372 0.0009563481580698863 9.945338597038125e-07 5.086099822874771e-08 -2.26973065632968 1.589265060331298 -3.523769306083323 2.0585676454285298 -2.3047995172410007e-08 -3.802849991336544e-08 2.2186102166153097 1.5342303033421432 EXP_PCA 23.070951065958724 0.05552513536697116 0.025161579529558376 0.041515850632655914
120044 PS1MD 0.4812 0.001 55570.614363889705 1.1814402320051158 1.320439260757204e-06 4.7938457232025716e-08 2.1093017140604906 3.5266920294547965 0.2916049452742443 2.4901299982209695 -7.463101847693719e-08 -6.353215696262011e-08 8.195133981013205 0.3631787349193681 EXP_PCA 22.76320392806743 0.03941757880420214 0.061365638819249675 0.05223955772197877
120086 PS1MD 0.3922 0.001 55560.42150682307 0.00032305787317454815 1.8147677532710158e-06 8.378932751775333e-08 0.9885178726788586 2.1713391115878444 2.6238176433880183 2.585172656709385 1.0143447985745991e-07 4.6342195145728344e-08 4.978909262955911 1.3337590548897826 EXP_PCA 22.41794736586253 0.05012933820010166 -0.06068605031886225 -0.0277255307115707
120143 PS1MD 0.1735 0.001 55567.49723584963 0.17426345159037737 1.431733348185857e-05 1.7184036563072504e-07 0.6788748576597936 0.33608570704604046 0.5144412723181115 0.2124176255403379 2.8125652979906554e-08 -9.75264775051731e-09 0.0447252200331215 1.7468002876671704 EXP_PCA 20.175344648147984 0.013031288727091462 -0.002132872001720241 0.0007395792497539153
120369 PS1MD 0.3302 0.001 55583.901928715386 5.315105590852909e-05 2.9575327412793215e-06 7.533619366611505e-08 -1.6097477138904228 1.217750554095346 -2.492351346046583 1.3071722119842506 -7.771934205654814e-09 -4.0855489736907505e-08 1.4099772528214238 1.6556077031070324 EXP_PCA 21.88767609707279 0.027656577339052395 0.0028531452011677327 0.01499840855567228
120444 PS1MD 0.2996 0.001 55578.771858630396 2.013223296871729 3.8996231017313636e-06 3.2530863049486137e-07 -0.2673274268466568 2.7271542589868334 -2.4754489974303957 1.6496928335303873 6.503058782468053e-07 2.4844174669294484e-07 3.8979308365787566 0.17013401257693206 EXP_PCA 21.587443413682543 0.09057269090742161 -0.18105868638077108 -0.06917135121035614
130755 PS1MD 0.2927 0.001 55596.96844144585 1.0264789518987527 3.7519052590222187e-06 1.9035597839525423e-07 0.35895006486635483 1.6977016297706142 2.199642895871947 1.80598992003307 1.4953530025956258e-07 -1.0575114912439444e-07 2.016036402687281 0.4508130969775786 EXP_PCA 21.62937034177944 0.055085713328951603 -0.043272918203562605 0.03060254547287093
140152 PS1MD 0.2085 0.001 55639.014929033 0.13516520047051017 1.3226047033759388e-05 1.192705689367917e-07 1.650537348790992 0.31056075867580646 -0.6328524905724106 0.30289797877605995 -6.31238552375297e-09 -2.046499507630301e-08 0.07942903146928378 1.2662477711920974 EXP_PCA 20.261424843036345 0.009791011216445591 0.0005181885021303781 0.001679986924878137
150254 PS1MD 0.2749 0.001 55678.04048990179 0.3406173497060081 3.7334209436936492e-06 7.765763757932761e-08 -1.2442534026432213 0.6204427710290568 -0.13847547949395012 0.7404920598398481 1.520205983406953e-08 -1.85739336460002e-08 0.3178168557675455 1.0727946405642153 EXP_PCA 21.634732601385124 0.022584034848329736 -0.004420992702853125 0.005401585443586766
150457 PS1MD 0.3032 0.001 55685.33195762829 2.9563369025709108e-05 4.0385571142573174e-06 7.694544344549936e-08 -1.9614077886365506 0.7241835782361422 -1.0005361867124696 0.6439028090469399 -3.018053342710565e-09 -2.8326829739381556e-08 0.26155858876977567 2.269780331064604 EXP_PCA 21.549434427102483 0.02068621326290468 0.0008113813150008538 0.007615458626421262
160070 PS1MD 0.359 0.001 55712.20229127557 0.9707975334313232 2.810738960686202e-06 8.03520380863182e-08 0.7524453019824507 1.3207012301189076 -0.8966264692212285 1.742955452695519 3.0023813523269765e-08 -1.0632445275732419e-08 2.061269234295814 1.3647097209362815 EXP_PCA 21.94294871593314 0.03103849845064272 -0.011597640977361483 0.004107115937281458
160126 PS1MD 0.36 0.001 55710.2066859543 0.9196580340576475 2.507191955083435e-06 2.0560604203437248e-07 -5.68321472775983 4.675803173910618 -6.046093480088098 6.705155982268926 1.974904788780614e-07 -2.777170023723028e-07 28.314731604166816 1.5082658914946556 EXP_PCA 22.067031036023742 0.08903742822767283 -0.08552299419204076 0.12026498551144012
160198 PS1MD 0.349 0.001 55717.564661378696 0.47792224953809637 2.963999526150524e-06 7.354228369684517e-08 1.6865637813894878 1.1684359465506895 0.5700863443848332 1.3039293703109 3.8710676577946294e-08 9.677147209057818e-09 1.304400786292059 0.913555178417916 EXP_PCA 21.88530467530653 0.026939113615163025 -0.014180023546071374 -0.0035448146974887814
160214 PS1MD 0.6304 0.001 55715.75133278793 3.3003826946332993 9.184362613576483e-07 1.1420698280067272e-07 -8.275854193271048 6.910880333150533 -5.8705497318081274 8.29446859101448 -6.365264937748863e-07 -8.217840614278944e-07 54.04222834144728 0.9379980597534943 EXP_PCA 23.157377444887445 0.13501062760695276 0.7524744924133859 0.9714780932827262
170078 PS1MD 0.3207 0.001 55727.506244648815 0.00025205664860550314 2.108747195406688e-06 2.238289589885014e-07 0.4704046805706967 2.7191550602015147 2.94692834454291 4.6088172867392405 -3.717423892216525e-07 -9.188198125669955e-07 10.694160042772088 2.184726984199447 EXP_PCA 22.254938705014403 0.11524340375009742 0.19139997990294721 0.47307516914594955
180313 PS1MD 0.51 0.001 55775.10396208106 1.7218061322637368 1.249204883070829e-06 9.178302481438539e-08 5.53567758920501 4.499621180962144 3.3500568775391617 3.6705240859604706 -3.887592345108758e-07 -3.236102226055816e-07 16.198779281884896 0.6347440385133627 EXP_PCA 22.82341581701524 0.07977246516858343 0.33788690835479374 0.2812631776214375
190209 PS1MD 0.3669 0.001 55795.71599967974 1.0524814750351652 3.172258831636111e-06 1.1738447885042255e-07 3.1300536829197383 1.6268818635322144 2.263745600484501 2.250092108474095 1.4678764937311687e-09 -7.471878992252742e-08 3.3297824496640516 1.4535361014601245 EXP_PCA 21.811578462146073 0.0401759709181222 -0.000502394898380778 0.025573227060026578
190340 PS1MD 0.1384 0.001 55814.862044212095 0.06239031226505176 2.3391232715491626e-05 1.0326809568444244e-07 -0.3487549270280212 0.16163586706578933 -0.9958635353133595 0.1446231638750765 -2.625821079158561e-09 -5.795860192184826e-09 0.020193533755131658 2.543862480899058 EXP_PCA 19.64236722578614 0.004793330545883092 0.00012188109312303905 0.00026902281401372557
300179 PS1MD 0.1792 0.001 55791.100846574176 0.25665702694823267 1.1384173674906502e-05 2.097803329610276e-07 -0.45049906400110096 0.8856436621799805 -0.851889232849424 0.8511048013879404 -7.493358090810055e-08 -1.254565426980047e-07 0.5726394851911364 2.3131439569462264 EXP_PCA 20.424246218386777 0.020007258238167513 0.007146597027365319 0.011965094210680738
310039 PS1MD 0.1717 0.001 55821.316996431786 2.8759230190189555e-05 1.0236184430783791e-05 1.498765353381103e-07 -3.1973613719505503 0.4227430936731604 -0.7216618994434106 0.35059405307388586 1.9462738294861952e-08 -2.1742799970479784e-08 0.09591540308668861 10.63558328358096 EXP_PCA 20.53965474449874 0.01589717162294598 -0.0020643824613900672 0.002306225066614621
310051 PS1MD 0.2708 0.001 55819.8508855005 0.35590426658382057 3.596050546791667e-06 1.1726655648094574e-07 -0.4450551073935451 1.085098593281372 1.9676632167459605 1.300114227416117 9.009126460313544e-09 -8.340958326354338e-08 0.9540460129744949 1.1215372956361993 EXP_PCA 21.675435530918755 0.035405660827618236 -0.002720077107907669 0.025183406961232387
310090 PS1MD 0.3473 0.001 55819.08784737653 0.7804306109610479 1.671376089110038e-06 8.889117413913687e-08 -0.9049147918629472 2.5288458261085593 1.9168683865580656 3.3267751532113126 -7.856779113276892e-09 -1.3833875793635238e-07 7.033171605319425 0.6412778995924471 EXP_PCA 22.50731453797244 0.057744254375273876 0.005103812117244296 0.08986570945426524
310146 PS1MD 0.4796 0.01 55836.395195389174 0.00013558966020355 1.8444047549275718e-06 5.622694060138953e-08 -0.8430137681383165 1.7933471389523836 -1.6678282134019664 1.2751797986298434 -4.2263567338987586e-08 -3.5215581813027716e-08 1.8767603855555928 0.4901538017500287 EXP_PCA 22.400359417069353 0.03309882222468612 0.024879075528068662 0.020730174352390225
310188 PS1MD 0.3192 0.01 55823.79141689681 0.00010058148836833425 2.899825856385658e-06 6.605021737719823e-08 -3.034019549044832 0.9544005472082521 -2.9536511558825618 0.9991160053097977 5.68285089620215e-09 -2.3547651098199965e-08 0.7953383293204663 1.6536368351995825 EXP_PCA 21.909070205150556 0.02473014446045111 -0.002127740516094039 0.008816576787888346
310260 PS1MD 0.5192 0.01 55827.690103634945 0.000254461159784114 1.2148759452701134e-06 4.4125752515596374e-08 1.9609842345567414 2.0075390676641502 -0.09708595132489044 1.7694041609774815 -3.8954615982572116e-08 -4.975987535979786e-08 2.9501314159234613 0.7715989981606874 EXP_PCA 22.8536701673767 0.0394352421371946 0.03481379072438919 0.04447046501556373
320099 PS1MD 0.3802 0.001 55845.40180873188 9.55330760916695e-05 2.5900339981037764e-06 7.182174065478409e-08 0.8460134021995854 1.3887678782868191 0.3834024599651037 1.7400995821356926 5.873450008071065e-08 4.6042913908647546e-08 2.2041006543580237 1.0946030719377315 EXP_PCA 22.03173633777761 0.03010750599209837 -0.02462136529971593 -0.019301082008876893
320469 PS1MD 0.3712 0.001 55873.5726175042 4.165495994482626 2.128452931831645e-06 7.07178786739538e-07 1.5027477413942685 5.969541174916517 3.550355444095318 6.0262676578545005 3.217404831735906e-06 -3.9316022963160435e-07 19.03957600295089 1.1774007820829073 EXP_PCA 22.24483987319774 0.36073600713326764 -1.6412168946452976 0.20055331701167117
330023 PS1MD 0.1808 0.001 55875.711888006714 0.9090664688301331 1.2093196430711145e-05 6.004139071308863e-07 3.146242213474309 0.9328386398329372 1.6608524219638248 0.7525560471862506 1.555234123916728e-07 -1.8536608430185817e-07 0.477974712036689 3.0507911661339033 EXP_PCA 20.358647231979077 0.053905608872505006 -0.01396300808381383 0.016642305449506362
330083 PS1MD 0.2236 0.001 55887.87374807289 0.30315512395100086 8.46008782931007e-06 2.617658831895715e-07 0.025711451533251738 0.807720962037865 -0.5441254692221127 0.9527850582074177 3.2361134351914725e-08 -1.0314441915353866e-07 0.6335299993371117 4.839805477930117 EXP_PCA 20.746562820656955 0.03359405981162051 -0.0041531076156429425 0.013237171108999883
330106 PS1MD 0.5306 0.001 55883.5382708671 2.865528131103929 1.662705075212125e-06 1.5019822864105832e-07 -4.3249836678277385 5.088216818475063 -5.644738814554492 5.491267651150165 -4.756722581804064e-07 -6.683845947390314e-07 26.587034346886664 1.1478809463549884 EXP_PCA 22.51296194394886 0.09807852105421135 0.3106110638650906 0.4364510363439976
340229 PS1MD 0.1412 0.001 55919.03780317951 0.48855773484683596 1.2884441731376462e-05 9.444681798147244e-07 -2.306027505749314 1.113512028554276 0.37268282977376266 1.6527108292047632 -2.473717631685527e-07 -1.0857749204360787e-06 1.5254957198756054 0.7020186306568892 EXP_PCA 20.28983598551361 0.0795877166000663 0.020845333069643094 0.09149524410243023
350027 PS1MD 0.3055 0.001 55941.03481573654 0.5514676552265882 2.8878506641617605e-06 8.294413523952328e-08 -1.7775273011616466 1.0051229575253136 -1.2431707827645326 0.9966717142524957 -3.397602715332115e-08 -6.112337739699201e-08 0.7929827880610552 1.434457867744727 EXP_PCA 21.91356317163357 0.031184247758893346 0.012773860931245077 0.022980365508710264
350050 PS1MD 0.4045 0.001 55923.0511308601 0.7852408519647724 2.266384443924498e-06 6.67192262803609e-08 -1.605017723437655 2.0930962169648075 -1.7756755185633009 1.3803183310643192 9.789983761825144e-10 -1.2757655893126455e-08 2.114187089726001 0.6910780534201922 EXP_PCA 22.176666048501232 0.03196257356964595 -0.00046899985757940777 0.006111694301531638
350080 PS1MD 0.2856 0.001 55948.581537602986 0.8027447092026705 4.563881793521926e-06 2.0206609424576645e-07 2.401831228409581 1.297333285110548 0.6268639370824922 1.2464246092210527 1.0675570470500383e-07 -6.811427826294695e-08 1.1409635090982226 3.272341134464885 EXP_PCA 21.416664031299526 0.04807102466766441 -0.025396918436234164 0.016204218539582534
350192 PS1MD 0.3012 0.01 55952.211585512116 0.3093898258121044 3.6593123509073734e-06 7.98154200956118e-08 0.5124117373483593 0.6940029646609621 0.915558842395257 0.7710474281319306 6.460204916148247e-09 -3.204557751992385e-08 0.3626268210461807 1.6117979910046492 EXP_PCA 21.65650129625763 0.023681632772970914 -0.0019167749825672513 0.009508082497285911
350235 PS1MD 0.2637 0.001 55933.096798158265 1.245067482588638 4.516598266732214e-06 2.997092459638208e-07 0.8672832850339495 1.027668043443713 0.476937161373224 0.6686030476412836 1.5388284191787685e-08 -1.076305827739229e-07 0.4296787749621201 1.3679161922704623 EXP_PCA 21.427971341174768 0.07204651820386766 -0.0036991594756597967 0.025873104835912833
350374 PS1MD 0.5006 0.001 55956.76914609831 2.898444458052836 1.03557471368993e-06 8.767213677517868e-08 2.9291678630035176 7.47375019185967 4.41303736438969 5.665045220577936 -4.951223226634398e-07 -4.2072762683765476e-07 40.414500165035264 0.42931577331432785 EXP_PCA 23.027046406405496 0.09191882708891577 0.5191052122006449 0.4411069628882266
350630 PS1MD 0.3051 0.001 55961.650789862804 0.00018432614160701632 3.847233104006177e-06 8.504157788517185e-08 0.26718204069142715 0.6639943674984705 0.5103039881215187 0.7774370882561663 -2.4085203639000973e-09 -4.0506659099753555e-08 0.3596823717612797 3.939570647889439 EXP_PCA 21.602128747440272 0.023999772699902697 0.0006797138848333641 0.011431474290601542
360139 PS1MD 0.3857 0.001 55971.7271751319 0.46449412635411136 2.342022175330521e-06 7.373355632722666e-08 -0.4188420455011814 1.717373789982126 -1.458305919748992 2.0493008010312614 8.076287268811611e-08 5.896989194223471e-08 3.251430483501165 1.1501007947206645 EXP_PCA 22.14102249286656 0.03418208096118687 -0.03744079616384684 -0.027337805485690248
360145 PS1MD 0.1985 0.001 55978.443015477125 0.19789384171235724 8.500969064426165e-06 1.679443833224025e-07 -0.3185489934764363 0.761562301050698 -0.5909030611451721 0.7368332715136756 2.1049685999416235e-08 -3.727386069969809e-08 0.4789613005620482 1.1792796477814633 EXP_PCA 20.74132891061305 0.02144970720125993 -0.002688447165864289 0.004760584322336338
370329 PS1MD 0.4774 0.001 56005.9282729358 1.1017313732700131 1.336981802495491e-06 6.937554071701236e-08 -12.908700113409827 5.90013591229408 -8.00156252478432 3.459293862115885 2.527430129637612e-07 9.265348166220935e-08 17.948716461533486 0.7210576785717576 EXP_PCA 22.74968625957424 0.05633849027753399 -0.20524755023756897 -0.07524204095357791
370344 PS1MD 0.3312 0.001 56008.05759479117 0.5185228813243157 3.0464123938602235e-06 8.022497817212618e-08 0.3016971854386981 1.194251862270606 -0.27396575600947487 1.1189220402771891 2.7866475924629843e-08 -1.4986873534783138e-08 1.1123517963367588 0.7163610175399943 EXP_PCA 21.85552826607932 0.028592046008924087 -0.0099315647058714 0.005341296282026644
370367 PS1MD 0.4712 0.001 56011.63300826669 1.200528606223088 1.745580487737915e-06 7.1361291804415e-08 9.004485835541491 2.0477772042043267 4.302340717887669 1.5938034248882078 -6.227202469661113e-10 -3.958958013108948e-08 2.8168036388167947 1.546719317980656 EXP_PCA 22.46015030328243 0.04438611606547466 0.0003873266929347937 0.02462438184973034
370498 PS1MD 0.2607 0.01 56004.2139906154 0.4051093103407766 5.716623189583381e-06 1.2245375992103937e-07 -0.26285886759304483 0.4954796410439434 -1.232708516175152 0.41756612783539515 3.0676567936510915e-08 -1.7055329094275123e-08 0.10624447997738869 0.7282037289636373 EXP_PCA 21.172151083255606 0.023257170561336547 -0.005826282289706002 0.003239252906411821
370566 PS1MD 0.0713 0.001 56024.830946321825 0.06115431783837266 7.485572091813579e-05 3.3283347067546207e-07 -1.2912940968275313 0.22201274437414512 -0.6171712542896687 0.20924659518239863 -7.78593421476819e-09 -1.619305463987563e-08 0.04114745769098157 4.091462324293619 EXP_PCA 18.37943750673142 0.00482754484006447 0.000112930188383114 0.0002348703007932695
370595 PS1MD 0.1812 0.01 56025.88702379096 0.14474307297859923 1.175167667998066e-05 2.0392585616923917e-07 -1.1888381392360927 0.2865044286808153 -1.360490932285563 0.2871492650701294 1.5642337490948337e-08 -4.031771457249732e-08 0.03501643550206844 1.0317469172924216 EXP_PCA 20.389750414137055 0.01884068896367955 -0.001445193958569323 0.0037249495196745677
380318 PS1MD 0.3379 0.001 56025.85144012485 0.8227672081520723 2.4396223447139226e-06 1.631810536382398e-07 2.7156183750812057 2.7781449718382096 6.57052432784514 3.6869171002789645 -1.616336859513783e-07 -4.1653670115180984e-07 9.092782257306006 0.5350777070850326 EXP_PCA 22.096693493887667 0.0726225426855528 0.07193389793554114 0.1853766334084259
390259 PS1MD 0.1221 0.001 56051.212587156384 0.38286550503835315 2.328400748462601e-05 5.871917628458423e-07 -1.2178624502478304 0.25954538801637694 -0.03739696705045649 0.1770331733241063 -1.1661335730880704e-08 -6.34667804181478e-08 0.03310623100936363 2.1423378343533765 EXP_PCA 19.64735567445878 0.027380825937220344 0.0005437695554434387 0.002959463973068903
390449 PS1MD 0.2501 0.01 56069.745719658 0.20329941957243136 5.26819497358289e-06 1.0076351250876513e-07 -0.5086189638864844 0.327347772753858 0.036779561628787975 0.3522571678519974 1.107373558569403e-08 -2.265736989421415e-08 0.03659738633149108 0.31063158265104795 EXP_PCA 21.260845400911816 0.020766618205658487 -0.002282215390204048 0.00466951715380701
390627 PS1MD 0.1604 0.01 56077.00362118844 2.957558535854332e-05 1.2343401357938338e-05 1.0705169532968832e-07 -5.080311793034811 0.22931614283474047 -3.1420295037292174 0.19542977648424764 -1.0839270942366567e-08 -8.700482970293701e-09 0.03191807331372056 31.95058747918796 EXP_PCA 20.33641287315627 0.009416359237596138 0.0009534315991225133 0.0007653019687036423
420196 PS1MD 0.2988 0.01 56167.18321265829 0.9569918809502269 2.5558258773159623e-06 1.2116558419714865e-07 -0.4189695434956282 2.6209688333381704 -0.2131555575307218 2.5251693360966616 4.5339161048755536e-08 -4.012802547341779e-08 5.6016479275261775 1.3933400275065202 EXP_PCA 22.046171842536754 0.051472153365810264 -0.019260454744158564 0.01704672077571271
420352 PS1MD 0.3892 0.01 56160.586748894486 2.101453934887104 2.868921124604326e-06 1.9764780501070182e-07 7.872769851805289 2.7319812067455564 4.227738454585692 3.221556009085185 4.0235658089995926e-07 3.7055077946563965e-07 8.369673479644188 1.3543319135392948 EXP_PCA 21.920703479175856 0.07479932991210778 -0.15227086703752749 -0.14023403903189469
420414 PS1MD 0.2928 0.001 56177.19729848822 0.768071740942105 3.2630130658415092e-06 1.3865529466388034e-07 -0.6447109999145894 2.0793657846723135 1.9238180438604913 2.2240642999222944 8.060047901184133e-08 -9.262101471064868e-09 3.8808467194526686 0.5598124780364632 EXP_PCA 21.780952967988547 0.046136215320105534 -0.026819033947519735 0.003081875155374296
430003 PS1MD 0.3288 0.001 56173.44230319519 1.0638461354319588 3.4217917117328327e-06 1.017217533282765e-07 -4.877707326682468 2.004726975265021 -8.901832176391965 2.0993650987725556 1.1161591529005917e-07 8.15292009834008e-08 3.8882770452013977 1.346309033361856 EXP_PCA 21.72936607494622 0.03227636270825381 -0.03541578519876188 -0.02586925584896378
440005 PS1MD 0.3056 0.001 56218.70945275017 0.588588853530382 2.370114924076885e-06 1.4227165052287208e-07 -0.7327848294287107 1.2262594104624374 2.54593209984528 1.6923082188722645 1.7494623551194826e-08 -1.8147209006594682e-07 0.9177680607226579 1.192576269867804 EXP_PCA 22.128076487630487 0.06517383621958375 -0.008014187829117392 0.08313133525137661
440050 PS1MD 0.2858 0.001 56215.94017577712 0.7747728104768612 3.42671086233467e-06 4.139468578883681e-07 -0.8765878974903196 1.4949729027491931 3.3873286988364755 3.2636273781899887 1.5653731368301165e-07 -1.1303991337187157e-06 1.2022020387436358 0.752465460424145 EXP_PCA 21.72780634688426 0.1311569923787096 -0.04959806522614832 0.3581613140448761
440236 PS1MD 0.4292 0.01 56196.67527674581 1.874524693332205 2.874900509741578e-06 2.0265656007785139e-07 7.95555298431763 2.6253995677204673 1.3917406731375923 1.367375853889539 4.425329606731748e-07 1.5849238249533724e-07 3.2024458885020533 1.4910637537685247 EXP_PCA 21.91844295032098 0.07653536658492668 -0.16712719468850795 -0.059856303642670916
440285 PS1MD 0.1792 0.01 56195.38014891091 0.6300062510381395 6.313023854939193e-06 3.375119163778889e-07 -4.397692889234205 1.2150469368008652 0.827400596822519 0.7273197070246742 -6.317858582987701e-08 -1.7644081753510847e-07 0.6289459774913791 2.6033633048438958 EXP_PCA 21.064406424016923 0.05804649492367583 0.010865676984136333 0.030344916793734418
440643 PS1MD 0.1896 0.01 56234.65469174218 0.7099053333113261 1.3766253026062098e-05 5.941467017354682e-07 5.994248195479241 2.0967820748210744 3.7608930772269407 1.6207518302415371 9.282693946452523e-07 5.670917546940847e-07 3.3136634272320937 6.466342425550186 EXP_PCA 20.217960630756988 0.04685999769077016 -0.0732120561511693 -0.04472619007696033
450082 PS1MD 0.2488 0.01 56246.77755925383 0.4573427091818303 5.543943662559867e-06 3.3102677941964536e-07 0.33188693106689027 0.6666093668961397 0.3998552633665738 1.416205454433846 1.796460906666037e-08 -3.490812326503632e-07 0.4933276514393984 1.9924014824599563 EXP_PCA 21.205452979163283 0.06482889817001475 -0.003518222344090909 0.0683647157617562
450339 PS1MD 0.4096 0.001 56249.59569612415 0.0002517290449759457 1.8038752487894339e-06 8.312553175233065e-08 -3.358223964542925 2.033297609683368 -4.969221203397319 1.8984770764987855 -5.051356645193978e-08 1.3222542259910103e-08 2.43149951832609 1.5709117707901612 EXP_PCA 22.424483751014776 0.050032506085908396 0.030403658992013066 -0.007958528651115482
460064 PS1MD 0.2416 0.001 56272.129018363165 0.3234226363056223 8.638850218084083e-06 2.324053460437985e-07 -1.4194368573844265 1.5729192589313576 -1.434646134232759 0.8071851880737893 2.2491009407146215e-07 4.0811924901372874e-08 1.0969755785075488 3.1834409042145015 EXP_PCA 20.723860139511658 0.02920885210521167 -0.02826684405729865 -0.005129268749043971
470015 PS1MD 0.3376 0.001 56295.56068997469 0.7721558565935993 2.5187725175887392e-06 1.6849490451825523e-07 1.8928978149241298 3.5946254193260603 4.945641660349186 4.244170975700113 -5.066364273970793e-08 -3.260434887179959e-07 13.728717378991352 0.8532166734393805 EXP_PCA 22.062027634864386 0.07263102041778119 0.021838951633509032 0.1405435455384689
470043 PS1MD 0.0706 0.01 56313.1056700697 5.893525667488575e-10 6.283277011825416e-05 2.110316956651942e-07 0.7849313709446842 0.16925951010797782 0.6683176084329204 0.13691459234835912 -1.4862416779290714e-08 -1.049046830796536e-08 0.020212385239106543 51.01820896946057 EXP_PCA 18.569534482631518 0.003646580469140184 0.0002568192355216983 0.00018127294444267644
470110 PS1MD 0.3456 0.001 56312.75576712011 7.416784865199588e-05 2.9004440043972214e-06 2.3491823697553292e-07 -1.7931338595250428 1.8794970496078411 -2.7268333435366947 3.7116415377888856 -2.5889100522596674e-07 -7.500686937964647e-07 5.976040939517495 0.0923817170224799 EXP_PCA 21.9088387863736 0.08793799661555375 0.09691183040731538 0.28077657616414053
480184 PS1MD 0.3306 0.001 56333.360039844585 0.7448262235120637 1.4834634812960489e-06 1.1689807164770762e-07 -10.620629411232736 3.9123429005154433 -4.984885646966889 3.6945581961872183 1.2970461441763122e-07 -1.0628491150922395e-07 11.867679699002435 0.6438523252007188 EXP_PCA 22.636807850814463 0.08555685411510106 -0.09492987024822597 0.0777891588839517
490007 PS1MD 0.0547 0.001 56365.49305317684 0.04454413944040425 0.00012792222029563589 4.1433166023349847e-07 -0.8451557100827654 0.21987542721933206 -0.051832206855204024 0.16711807461457379 3.23625655272092e-08 1.750792881084259e-08 0.03417368009722899 5.403598873538889 EXP_PCA 17.79763502829498 0.0035166281765076617 -0.0002746763540418874 -0.00014859804759742936
490037 PS1MD 0.4231 0.001 56370.86635805068 0.7497365291783353 2.1508619781294575e-06 7.449955863770148e-08 3.3082547266950586 2.8733702331750197 2.417491292261864 2.0105737119189873 -6.702335571696313e-08 -4.7275596629199674e-08 5.187858156881759 0.6425216300532937 EXP_PCA 22.233468644022018 0.03760672180452914 0.0338328003406222 0.023864305280296358
500038 PS1MD 0.1072 0.001 56390.37708576734 0.1072280602347746 3.9851984150858296e-05 3.795701333088927e-07 -0.7122223701307988 0.2553771174494937 -1.5531530893511694 0.21279405013402308 3.795047811791205e-08 -5.652391339896546e-09 0.04731131890675325 4.0004872265583264 EXP_PCA 19.063875127682383 0.01034109203743269 -0.0010339311569662675 0.00015399499051177911
500065 PS1MD 0.2854 0.001 56377.95061348594 2.4463881383198895 3.801572890032111e-06 4.2113091970367946e-07 2.2247940547290064 1.7001805132282455 1.7843371437401683 1.1571496833812827 2.01467680899406e-07 -1.8655970862156701e-07 1.1259267746464774 0.9691308700368294 EXP_PCA 21.61509169521635 0.1202757647141974 -0.057539539966388845 0.053281795682694845
500301 PS1MD 0.3254 0.001 56405.467318552364 0.6369300144506269 2.0924133841763403e-06 7.4971143250647e-08 4.44480910189848 2.3701056674180254 5.218146618469828 2.059651791632505 -1.638293848453006e-08 -6.315334031104697e-08 4.316682061302795 2.2722094225652674 EXP_PCA 22.26338127664957 0.03890191352956646 0.008500972889724406 0.03276975216544309
500511 PS1MD 0.3347 0.001 56416.74670533683 0.00018701079170568846 3.522698147972503e-06 8.106263064552473e-08 -0.18028264204833067 1.1045390653537515 -1.6094575253076624 0.9907609241742402 5.376514294704983e-08 2.2896944141506745e-08 0.9942969288787498 2.1900979069774427 EXP_PCA 21.697811422338013 0.02498443785069633 -0.016571037255975488 -0.007057102308656981
510113 PS1MD 0.2907 0.01 56419.656500078534 0.7296373935278098 6.6515497689754405e-06 2.2741605102981114e-07 1.834454731807609 1.1896445849170325 -1.1121338697839425 1.2966717625992428 1.1262295070099571e-07 -3.775237592707718e-09 1.357362744412128 1.9248543727131187 EXP_PCA 21.007692887607178 0.037121249742106524 -0.018383507499726042 0.0006162341526910148
510266 PS1MD 0.4404 0.01 56430.23833105021 0.460937172814738 2.05454706466234e-06 5.0932989521573736e-08 1.3248055589603527 1.7356534735551297 1.2559221176651998 1.2797305308307347 3.454643154721423e-08 9.220822598898422e-09 1.8790557495615898 1.1887122124756506 EXP_PCA 22.283209764151987 0.026915806257875843 -0.018256243490909423 -0.004872792210735418
510550 PS1MD 0.2411 0.001 56437.010576567234 2.4010660126805305e-10 6.89603006560657e-06 1.1236780821931697e-07 0.2814714262517534 0.3814308716529434 0.04344238643196946 0.3741349014590691 7.556547631842764e-09 -2.1887913857669808e-08 0.08003740936027055 1.8515354852695822 EXP_PCA 20.968502134308935 0.017691598857943695 -0.0011897305070913055 0.0034461132413593936
510597 PS1MD 0.4607 0.01 56436.90567864372 0.00029286015342222527 1.76443195806124e-06 5.433903836188536e-08 -0.5173431847893719 1.6802724527604935 -1.831120904978541 1.5031906944770883 -2.377055121228232e-10 -2.897003589805414e-08 2.0186778968005465 2.4109978414920272 EXP_PCA 22.448487711789795 0.03343731165811956 0.0001462711437543368 0.01782659664712805
520022 PS1MD 0.1194 0.001 56444.313291217055 0.3869151999169844 1.302273150847635e-05 2.87852980448851e-07 -6.600694554829838 1.135218326215672 -1.2573814356134536 0.9621744278420432 1.2485795051841815e-07 -6.599727941006438e-09 0.9092319761286451 6.81570251616576 EXP_PCA 20.278244783152424 0.023998989944423545 -0.010409705309635645 0.0005502350687672959
520041 PS1MD 0.545 0.001 56456.612841665854 2.71568325451517 9.939195642966281e-07 1.0853819564498213e-07 -0.30513041673048014 5.169628834729802 -0.6183449448736721 6.5036532240237 -4.799119915554171e-07 -6.356276923972568e-07 32.522684501580606 0.7489442744528303 EXP_PCA 23.07162190167171 0.11856477409645655 0.5242454651730631 0.6943459241301371
520071 PS1MD 0.4114 0.001 56461.4134488812 0.000277147839369718 1.5992581898344714e-06 5.868957838790266e-08 -0.7102808462597847 1.9280819346506253 -0.8603611320060862 1.8798862620283543 5.241418696127852e-08 1.7817186382867845e-08 3.111142240092664 0.7207106176642306 EXP_PCA 22.55520354143406 0.03984434815014551 -0.03558398561817698 -0.01209608582639518
530037 PS1MD 0.2688 0.01 56475.220381540865 0.6517966788414924 5.303290461677628e-06 1.9010819269112142e-07 -1.7953189776450464 0.898092958499346 -1.8527799009261603 0.8599445977838346 1.0149262865289151e-07 3.722731939752658e-09 0.589739299856242 0.7767666389898317 EXP_PCA 21.253636464709146 0.038920619022739904 -0.020778462398165175 -0.0007621503813163415
530086 PS1MD 0.0502 0.001 56458.81605252794 0.2320022120147769 0.00021294697209163976 2.500891839774106e-06 -2.673277284870433 0.2729276981715559 -1.9662324450217088 0.1790848798573992 2.338608546699299e-07 -8.179453515025296e-08 0.03678906229772962 14.714500841988894 EXP_PCA 17.244321327027254 0.012751103187597361 -0.0011923681952216434 0.00041703945020534817
530251 PS1MD 0.4118 0.001 56490.7178784826 0.00010332661986467429 1.262070309008062e-06 5.2081489089310395e-08 1.9232255940727712 1.7166509134670995 3.330229411156333 1.9284077728652051 2.8787383248037986e-08 -1.5650272039703424e-08 2.638032665552 1.5126831215904897 EXP_PCA 22.812291125479952 0.04480476079531841 -0.024765263875994457 0.013463645287064053
550059 PS1MD 0.3188 0.001 56559.77738599545 1.0418233597920334 1.6904447367392957e-06 1.5505639046797924e-07 -7.600980307762257 4.227858185761851 -4.40893228675154 3.3872895219046657 2.642450025552131e-07 -9.26200829048942e-08 10.800987827640228 1.0509600825118874 EXP_PCA 22.494997556066114 0.09958937624599896 -0.1697188674466829 0.059487882160238814
550137 PS1MD 0.4198 0.001 56559.49788723942 5.6792519899317995e-05 2.02400596069883e-06 8.500419978507916e-08 -0.2366199730661172 1.6295040165549903 0.5793750245086845 1.622228860669889 3.5267162219413866e-08 7.152695789951579e-09 2.0615989366581595 1.0714674136201863 EXP_PCA 22.29947053208208 0.04559874775827631 -0.018918340955614083 -0.0038369159634738066
550155 PS1MD 0.5142 0.001 56558.740308279295 0.0016354812796635088 7.339043921069863e-07 9.118525377271341e-08 -4.871222720911557 5.976499196202593 0.28059337964840203 5.15094319422932 -1.3875447935972387e-07 -1.7921325831772935e-07 25.16102391418558 1.2841370152861227 EXP_PCA 23.400901283060097 0.13489922178672614 0.20527300753809283 0.2651276174674599
550202 PS1MD 0.4208 0.001 56572.071942901006 1.0350504640409781 2.1778356422737463e-06 1.0216695369361631e-07 2.999300605841014 2.0427652598611767 1.2634566944148218 2.043921606822545 1.0791902588645949e-07 4.777440142959193e-08 3.746759105144449 0.9349797915234028 EXP_PCA 22.21993724711057 0.050934220380007666 -0.053801853231140576 -0.023817406734422696
560027 PS1MD 0.4392 0.001 56568.06555305913 1.9591301847613067 1.8628309483340444e-06 1.7559293725054934e-07 -3.9766893548877955 3.6769110049351506 -1.9501092959679016 2.5549076840565235 4.981526345650586e-07 1.51932607356144e-07 7.340624482831329 1.3391576811196495 EXP_PCA 22.389566388708033 0.1023429471381945 -0.2903443016805314 -0.08855271200931665
560054 PS1MD 0.4804 0.001 56574.682306782175 0.9353922106492973 1.8008797208194609e-06 8.249784184900302e-08 -10.975528039771065 5.317279789032326 -7.6027350600847505 3.4704842852363202 -2.1167377570461155e-07 -1.733358240359065e-07 17.7363132739233 2.006603425436717 EXP_PCA 22.426288230900603 0.04973729931786625 0.12761645279439976 0.10450280358075893
560150 PS1MD 0.1998 0.001 56590.91862323304 0.5328713071576203 6.956217569660121e-06 3.8392986582409816e-07 1.9953322249267966 2.97562623710877 2.8498716351143036 2.735162488272747 4.800770992444992e-07 7.326692534484188e-08 7.578213916674809 2.940695326247402 EXP_PCA 20.959067107564223 0.05992431249293448 -0.07493110767529976 -0.011435604574123832
570022 PS1MD 0.3018 0.001 56597.13574303197 1.1642523998925753 4.452754104883849e-06 3.5167740262816825e-07 1.6216417571552502 1.6929268311912897 -0.9181916641172777 1.78843575662791 2.6114791001488504e-07 -3.678682993047826e-07 1.2836186598491408 1.194003678478164 EXP_PCA 21.443428218291793 0.0857511731918698 -0.06367693657035547 0.08969907651085553
570056 PS1MD 0.2902 0.001 56605.42456827912 0.4295724630319455 3.724446824071401e-06 1.3211652412020386e-07 -3.1454529659006374 1.4791259726703296 -0.41212776092243075 1.040008163270439 -3.0121653652505004e-08 -4.307020320661202e-08 0.9608543892028358 0.6232773124755998 EXP_PCA 21.63734555500293 0.03851409357143129 0.008780946933203594 0.012555657571877812
580104 PS1MD 0.3092 0.01 56638.391392439764 0.00014155192548059858 3.0621622448654694e-06 1.0950178712459703e-07 -0.1780320094000739 1.2589391753199046 2.0324680445954217 1.1074161663785553 -4.2289869135124114e-08 -9.103854584116191e-08 0.7591838749650194 1.4205131330802367 EXP_PCA 21.849929506185276 0.03882552433864125 0.01499451640469979 0.032279101283421596
580270 PS1MD 0.2956 0.001 56639.16567436555 0.4188883327151416 3.3157618286244163e-06 9.85783564184197e-08 0.5806769277598557 0.8685032498438644 -0.07166744228722573 0.7842661091046179 7.726340779850886e-09 -4.054766700300201e-08 0.37640962026427105 1.1041971476526542 EXP_PCA 21.763541681001783 0.03227918532780502 -0.0025299669724660077 0.013277211198821165
580276 PS1MD 0.3386 0.001 56650.52597208112 0.8914464815024985 3.4989310837453283e-06 1.6288472107022214e-07 -6.859384549616087 3.1408649831349917 -10.029344144117657 3.414445899883817 1.5185579984157834e-07 -4.5356354930566076e-09 9.839564584196761 1.250906146237187 EXP_PCA 21.705161528648315 0.050543961751474624 -0.047121631105125815 0.0014074308834703478
580312 PS1MD 0.4032 0.001 56655.08289757149 2.9619787173542136 2.566266070732626e-06 1.739894155019015e-07 0.1093325737258498 3.380293377640419 -2.9546456553625626 4.653139668457736 1.0541876333740839e-07 -2.0331305087977414e-07 13.66680451435016 2.130074785694195 EXP_PCA 22.0417457948243 0.07361146601653434 -0.04460058499841277 0.08601771373495332
590031 PS1MD 0.3782 0.001 56648.561548242906 0.8393129889736883 2.2310561295418717e-06 8.881602510156753e-08 1.5181157514102723 1.9337473498641953 1.869834106970864 2.593000816930745 1.881083393164672e-08 -5.617187866701435e-08 4.2292088625950095 1.214487369773261 EXP_PCA 22.19372375868791 0.043222029575419034 -0.009154231115411412 0.027335861949193376
520016 PS1MD 0.4507 0.01 56421.933822531726 0.8471879725402687 1.7869700095513326e-06 6.500486649220508e-08 -3.430136064797911 2.2397872058720063 -5.174137173509925 1.6418912680579827 1.0674589182300569e-07 4.36281800685505e-08 3.1128362471696787 1.769716621341266 EXP_PCA 22.434706840330264 0.03949598295372412 -0.06485720456524693 -0.026507828556129764
380199 PS1MD 0.4604 0.01 56037.95328730314 0.9928904267508187 1.71090996233298e-06 5.236801474510407e-08 0.2243318663445409 2.3905631938361593 -2.779356734790125 1.837604832102602 4.934796643012336e-08 1.237890049443683e-08 3.9799261496364093 0.7786289442991815 EXP_PCA 22.481932112165424 0.03323252002258275 -0.03131601017233782 -0.00785559774494587
