SNNAME SURVEY Z ZERR T0 T0ERR X0 X0ERR X1 X1ERR X2/C X2/CERR COV_X0_X1 COV_X0_X2/C COV_X1_X2/C CHISQ/NDOF MODEL mB mBERR COV_mB_X1 COV_mB_X2/C
03D1au SNLS 0.5043 0.001 52910.18919354729 0.19612010801574797 1.2776511557023915e-06 7.909417488739702e-09 3.719298504101314 0.3792516932197593 1.4109148370553917 0.2631597863003428 1.2012518610647115e-09 1.5462059717524828e-10 0.07631349056164737 1.2869468823937196 EXP_PCA 22.79896926965809 0.006721350258827733 -0.0010208127866279976 -0.00013139516182114578
03D1ax SNLS 0.496 0.001 52915.8960422934 0.11976200545177562 1.1181807555689206e-06 7.0809917467770005e-09 -1.9949260742478527 0.3894411666077851 0.12365342522160692 0.2657901850785909 1.1566240996171013e-09 3.206453847478106e-10 0.07634560953960706 2.4704444111878527 EXP_PCA 22.943719966077254 0.006875533375780257 -0.0011230640967444714 -0.0003113417051540736
03D1co SNLS 0.679 0.001 52952.07364393404 1.238333219938795 4.747502294983571e-07 1.5635811845859884e-08 -1.7202783296503155 1.816128088527057 -3.7475985101116067 2.2105380708224205 -1.9910129893886663e-08 -2.569123308879246e-08 3.55324996752249 0.9000206576434592 EXP_PCA 23.873837041622984 0.03575852302330453 0.045533730210244566 0.05875489926325255
03D1ew SNLS 0.868 0.001 52988.65045271633 1.5550220825898577 3.1992568991147083e-07 2.6378759619591065e-08 -10.732452564350663 7.9836130486557835 -8.915185610163716 5.796856639124079 1.9979812664598878e-07 1.4463963866939517e-07 45.6955634582197 2.10112937261459 EXP_PCA 24.302377212083968 0.08952195856333735 -0.6780576445812396 -0.490865526897675
03D1fq SNLS 0.8 0.001 52999.497758983285 0.9060392080536985 2.6136012076118866e-07 2.269529702707349e-08 -6.015402539825801 4.013670338748364 -1.5239715059289545 2.9882185629782634 8.678657126011593e-08 6.361664611139732e-08 11.113972643258215 1.0945726754055596 EXP_PCA 24.521901694668074 0.09428028112425167 -0.360526779026197 -0.2642748086711414
03D3ay SNLS 0.3709 0.001 52767.24891033567 3.532556365826167e-05 2.3320479873302742e-06 1.835093601412483e-08 0.8143905111684413 0.2672683587476293 0.46371717602602464 0.2659977683211923 -2.541879756925709e-09 -2.7939659174060564e-09 0.03044282599686735 2.7737294516972284 EXP_PCA 22.1456562929962 0.008543681660918333 0.0011834279977212066 0.0013007922512181132
03D3bl SNLS 0.3553 0.001 52786.641692455974 0.2749817159092345 1.3277577964728365e-06 1.9270990501218023e-08 -6.372059263051781 0.7316581038823877 -2.9418016226692485 0.7895358913649309 3.4698522887556722e-09 -3.6975537744660556e-09 0.49132682061138677 15.807305441897697 EXP_PCA 22.75720284940925 0.01575830482359399 -0.0028373731000283127 0.003023569518960835
03D4ag SNLS 0.285 0.001 52830.869137676935 0.062020250039495295 6.018921156262678e-06 2.4504978444836352e-08 1.677740908477531 0.14313692234295752 0.21116738861631976 0.14648670700886793 -5.369038089765459e-10 -1.242455494175806e-09 0.012685315235827006 3.573177296529883 EXP_PCA 21.116203363994188 0.004420383919914444 9.685056320630398e-05 0.00022412304095788258
03D4au SNLS 0.468 0.001 52815.87338506613 1.7894587649643654 6.354677509795662e-07 4.8963170114133244e-08 3.777125089733333 1.896866518408623 3.4293102718124024 1.0172322088956667 7.890079445170026e-08 1.4786661539664144e-08 1.3346850668554007 2.8585176974824775 EXP_PCA 23.5572662108355 0.08365662366138724 -0.13480691819268253 -0.025263931578542353
03D4cx SNLS 0.949 0.001 52886.35940196134 1.3692974438890815 2.6273583378232175e-07 2.2090863039257e-08 2.9720482420137486 2.268214220757181 7.244227847062186 1.8378321266206494 -4.619160303366577e-08 -3.2432855114136346e-08 3.5419172436142627 1.8474803267430175 EXP_PCA 24.51620172750738 0.09128884115573717 0.19088334867567983 0.134026350780409
03D4cz SNLS 0.695 0.001 52894.479564327215 1.749564796602499 4.1636389931873724e-07 2.1447274773442855e-08 -2.4424879117643714 3.573518940802217 -0.22676788120047273 4.589883434264979 -5.751170302883527e-08 -8.208601758069944e-08 15.265481227333472 1.0473261233347595 EXP_PCA 24.016317332187718 0.05592723757516865 0.1499710668429082 0.214052566367074
03D4di SNLS 0.899 0.001 52900.12679911045 0.8468505924320198 3.737557593981048e-07 1.503676851910998e-08 0.5362126108409793 2.6185297974509933 -1.912660763575469 2.1026517221661534 -3.190644251029009e-08 -2.0635578395195462e-08 4.981270854304091 1.3847103302024877 EXP_PCA 24.13353026586247 0.043680835875429126 0.09268614309580983 0.059945014909921365
03D4fd SNLS 0.791 0.001 52937.821209938294 1.261692861917254 3.993438339832764e-07 2.6272281657949467e-08 -0.542722355359801 2.658409511161103 -2.0652685157299437 2.2499358741891493 6.56096985170624e-08 4.54540005696149e-08 5.1206192885050195 0.7508248258392687 EXP_PCA 24.061632542118538 0.07142909180070932 -0.17837967936728819 -0.12358035825236817
03D4gg SNLS 0.592 0.001 52940.73704218795 0.6449802364586503 8.440830918905591e-07 3.27729590006433e-08 -2.259728144026935 1.1739803642440907 -2.7948882801080623 1.7159746823648359 -3.448569902110639e-08 -5.162805325461886e-08 1.8120696604768418 0.9051448259334396 EXP_PCA 23.24903699785137 0.04215555135022866 0.044358632856564606 0.06640868314773483
04D1dc SNLS 0.211 0.001 53230.16044995046 0.07547281199367717 6.169792558893649e-06 3.165538137380701e-08 -1.1426453814330648 0.17730680490337483 1.639400884677102 0.12843180608250282 2.804370631272537e-09 -3.018847456544771e-10 0.0178413324330307 20.94867322072307 EXP_PCA 21.089323593985903 0.005570591442888226 -0.0004935022850231761 5.312450862692206e-05
04D1ff SNLS 0.86 0.001 53250.15993766456 1.8189894035458565e-09 3.8848920568661643e-07 8.540720536012222e-09 -0.2011458272835301 1.2474025055926365 -1.294243177831051 0.9954931692809885 6.096587294884198e-09 6.015642579123405e-09 1.0271222477224322 0.8416978746540021 EXP_PCA 24.09155260931253 0.023869310562389157 -0.01703853145629945 -0.016812309962371395
04D1hx SNLS 0.56 0.001 53259.881236226276 0.4127457957074512 6.407885177242194e-07 9.564909272279182e-09 -2.865645769021291 0.8140986144880764 -1.3749593961849547 0.8238332556315698 -4.665668600747989e-09 -6.048345660117513e-09 0.6070568416859105 2.404953315737317 EXP_PCA 23.54821319741913 0.01620654553708731 0.007905393400659294 0.010248167188456923
04D1iv SNLS 0.998 0.001 53259.62191232067 1.2604955295864784 3.857694996836443e-07 4.647901660664077e-08 -4.4601534958892035 2.1631582420982935 -5.23459551553381 1.2135447731271727 -9.922448265848638e-08 -3.797602303376664e-08 1.8806977144033372 0.66361308601731 EXP_PCA 24.09918028052452 0.1308137401551131 0.2792642064991158 0.10688233039237661
04D1jg SNLS 0.5842 0.001 53273.36141847253 5.054852590546943e-05 9.162854327573382e-07 1.0315016498648417e-08 0.7509218378400896 0.4001025229627581 0.1333606583699353 0.4348526687310346 -1.954229746331289e-09 -2.1416857763021793e-09 0.12978393429841684 1.061601050505409 EXP_PCA 23.159923044646604 0.012222596218252854 0.002315629946906611 0.002537752651539329
04D1ks SNLS 0.798 0.001 53288.49872349404 0.0001750437259033788 4.1509934035403705e-07 1.1013877727417797e-08 -0.8880692460179709 0.9842041775223389 -2.7806026673561712 0.8498740798311296 8.401266580171175e-09 6.399511053318795e-09 0.600161757920724 1.554922219192134 EXP_PCA 24.019619891926077 0.028807961470711102 -0.02197440083652412 -0.01673859765089476
04D1ow SNLS 0.915 0.001 53311.57947425902 7.655398803763092e-08 3.6143406022912234e-07 1.1143094393311551e-08 -0.31230819194570125 1.0817114857718844 -0.9893299099519284 0.9033465855587407 -9.747521385003423e-09 -4.4988108380174786e-09 0.6515522700222726 0.9115679996515607 EXP_PCA 24.169927308791905 0.03347349446863462 0.029281238374832017 0.013514281974691079
04D1pd SNLS 0.95 0.001 53315.99833386471 0.0011518722312757745 2.7957220342989866e-07 1.2230946019739833e-08 -1.9807467787585127 0.9352014473015361 -1.9831326129120765 0.9373796469757419 -9.224139185758309e-09 -3.39741392866581e-09 0.3469432870330733 1.2710136840818578 EXP_PCA 24.44876502667495 0.04749964677873874 0.03582252365878419 0.013194070296144248
04D1pp SNLS 0.735 0.001 53321.124081182854 0.9513982962816954 4.513455650868489e-07 1.3184061844039654e-08 1.1360603560015883 2.34616859457792 2.598767680011452 1.8566654635103015 2.3176146482893032e-08 1.3970543041030175e-08 4.0366743580141105 1.7006327433568003 EXP_PCA 23.92872705138199 0.03171497490418383 -0.05575147574212411 -0.03360689802470858
04D1qd SNLS 0.767 0.001 53329.07930605169 0.00012975505160284229 3.916336393659386e-07 7.96938757415801e-09 -1.2122689562249302 0.9931729698815498 -1.5176062506481083 0.7827307739967757 3.6655797597879864e-09 1.7823300644026544e-09 0.5701994251701273 0.9062853817226147 EXP_PCA 24.08280002887075 0.022093742082579283 -0.01016218285812698 -0.004941200359815554
04D1rx SNLS 0.985 0.001 53350.269400639896 0.0004369493435660843 2.7687272893980525e-07 1.271038726365699e-08 -1.3773078541994572 0.9737723170504295 -3.985115323364798 1.3023469895161939 -1.0157832941555442e-08 -7.795603024017184e-09 0.67739965112761 1.325994966389603 EXP_PCA 24.45929954684246 0.04984285625201204 0.039833200722810304 0.03056988845924787
04D1si SNLS 0.702 0.001 53359.18444596279 1.0150778843453736 5.370254023027529e-07 1.60283498221505e-08 -0.6969063641385792 1.8078503330795768 -0.7865127368765087 2.2104139559719327 -1.9004307633910453e-08 -2.8723195190176434e-08 3.6140964947913465 0.5379720217808431 EXP_PCA 23.740012927189703 0.03240546840022006 0.038422139355086725 0.05807139252740197
04D2al SNLS 0.836 0.001 53034.36026325779 1.5370010727492627 3.108002290403656e-07 6.539960666592837e-08 -5.528081380712905 8.924389686654749 -1.912510602868395 6.626193901349713 5.680098126285725e-07 3.8251977622635144e-07 53.912117221385394 1.1501167783745714 EXP_PCA 24.33379667455771 0.22846418406248165 -1.9842611446358576 -1.336278198273104
04D2cf SNLS 0.369 0.001 53075.88914188343 0.7573753512624535 1.8401503928535198e-06 7.09476298414904e-08 -0.4354395235881589 0.6345686591889826 0.98242970822929 0.43465521795030343 3.406004990469776e-08 5.051624561746101e-10 0.16648846924781807 6.1705336014738625 EXP_PCA 22.40286670318637 0.04186093194330351 -0.020096308139278676 -0.00029805888153674185
04D2fs SNLS 0.357 0.001 53106.939529876254 4.1237242839997634e-05 2.1299839454911614e-06 1.3237290991887161e-08 -0.8870693727477317 0.26126487997724634 -0.3114592588021451 0.3325309453924056 -4.2404793801885035e-10 -2.0518271472456154e-09 0.0699868813641179 5.440338806244365 EXP_PCA 22.244059174983995 0.006747565451483438 0.00021615383525997925 0.001045896624895194
04D2gc SNLS 0.521 0.001 53118.705010814316 0.30326021930522984 9.208307155860971e-07 8.657918745507812e-09 3.8780468677542546 0.7544462833227168 2.2282585045346277 0.6162920959336077 -1.3130359895054915e-09 -1.5831611059322516e-09 0.4080673796920266 2.6648815287306578 EXP_PCA 23.154550506604146 0.010208408213087028 0.0015481789299883902 0.0018666789688716137
04D2iu SNLS 0.7 0.001 53122.31953406432 0.00010189524255110882 3.2846354524520515e-07 1.3445017728921109e-08 -1.0623571297114742 1.5768067500371827 5.613539817867914 1.9098539693165788 -3.2907559704998056e-09 -1.6200903971645774e-08 1.0880693550033387 0.7680728799966574 EXP_PCA 24.273782059761125 0.04444250429985173 0.010877593419167332 0.053552085905589145
04D2kr SNLS 0.7441 0.001 53359.65223256928 0.7653314768867858 5.710004992617933e-07 1.1416181946496426e-08 1.500769140859669 1.787814089276134 0.7066690862775108 1.5316875000085215 1.3646181588816778e-08 1.0392851014530213e-08 2.513920998275973 1.0242032502954734 EXP_PCA 23.67340878005724 0.021707445221925175 -0.025947706572650917 -0.01976161952874099
04D2mh SNLS 0.59 0.001 53373.51959554607 0.31947693184702075 9.429201493098316e-07 1.0617368228793863e-08 -3.1021603308250376 0.4383057966619251 -4.578502498152048 0.497739711104281 -2.9925813677718953e-09 -3.161859940549441e-09 0.1923057275232311 4.201845259011599 EXP_PCA 23.128812709255428 0.012225490242930796 0.0034458420885933572 0.0036407598398885133
04D3co SNLS 0.62 0.001 53101.57500460541 0.7643515939598728 5.48996787194089e-07 1.3193527857207532e-08 0.8270369128900072 0.8882424532246213 1.2452356139754648 1.1252627114764846 -8.756380756943341e-09 -1.0813337207188215e-08 0.8367262648054188 1.0582816682633471 EXP_PCA 23.71607549273616 0.026092485779868325 0.017317259102829125 0.021385246642530466
04D3dd SNLS 1.002 0.001 53108.40937672121 1.7049475068961328 2.585532851527734e-07 2.827269816373381e-08 -5.80623590021181 1.731505122454237 -7.659655974308059 1.8211452784405637 -4.373202906145117e-08 -1.0592730470439332e-08 1.5792678556880417 2.342072482332759 EXP_PCA 24.533624849384026 0.11872481908101261 0.18364279236094985 0.044481782438791924
04D3do SNLS 0.61 0.001 53112.13464315169 0.7031709745133412 6.874743574368079e-07 1.493934014528825e-08 1.557702632700882 0.5498389420865141 2.1108919516253866 0.6464711171324484 -2.65438788496041e-09 -6.932102480832534e-09 0.2599567811390054 2.127023007689337 EXP_PCA 23.471858740585652 0.02359387269572011 0.004192105490185912 0.010947949632034607
04D3fk SNLS 0.3578 0.001 53126.62677078989 0.1050677147177339 1.8688159976170363e-06 9.892186061668803e-09 -1.3301294615777641 0.2769805017831229 0.40680290952112735 0.28573812607173016 -9.218091331408666e-10 -1.6665519550438978e-09 0.06646825780568305 2.550173017069461 EXP_PCA 22.38608364215679 0.00574711719348118 0.0005355484707985904 0.0009682257627336503
04D3gt SNLS 0.451 0.001 53137.91884889332 8.580146823078394e-05 9.953500608919265e-07 1.2059553695578149e-08 2.283047392958912 0.5272822572520787 3.8301064202060946 0.38895035957108254 4.988422560682967e-09 2.801663631906911e-09 0.16664449956480643 7.380880592838977 EXP_PCA 23.07006038161193 0.013154662439846443 -0.005441413218895485 -0.0030560782163309356
04D3hn SNLS 0.552 0.001 53136.92989142857 9.604264050722122e-10 7.231208268118196e-07 7.17951732373466e-09 -1.6536408801449691 0.39896180524160363 0.8769803565323854 0.3781577571885819 -1.5064057495338265e-09 -1.3071305115031874e-09 0.11831243335953595 2.308417267122405 EXP_PCA 23.416972825112914 0.01077975021883231 0.0022618063270777706 0.0019626027464042972
04D3ks SNLS 0.75 0.001 53163.676524973365 0.9374154963297769 5.888154355431292e-07 1.6147990069960663e-08 1.3114352002499046 1.762018970885516 1.064272891364424 1.656921468707959 1.4826204986625546e-08 1.3346885505379498e-08 2.593236982870754 2.5146434430089197 EXP_PCA 23.64005203419618 0.029775811561154032 -0.027338528444480266 -0.02461076245493667
04D3lu SNLS 0.822 0.001 53167.47996398179 2.1989118977217004e-05 3.4881778373964037e-07 1.3515593057036343e-08 1.0033084477444922 1.2924736792800096 0.625961425929461 0.8736157237150872 1.4673772398820988e-08 8.84349494019928e-09 0.854852709721321 1.5068075565759125 EXP_PCA 24.208503453965143 0.042068866310311176 -0.04567383515535469 -0.027526413734502868
04D3ml SNLS 0.95 0.001 53179.21621524088 1.8210044149091118 3.09334729989932e-07 2.2724086320223946e-08 -0.3193352151280738 1.7354512655175194 -2.6303869524434247 2.3513122819338603 -3.7315264804650064e-08 -4.437190746566517e-08 3.518836436784394 0.9582324766344367 EXP_PCA 24.33892829410584 0.07975943483203161 0.13097311766403988 0.15574127874751803
04D3nh SNLS 0.34 0.001 53173.99565712428 0.07325176941958489 2.8021192007300696e-06 1.2019974137517704e-08 0.13535774082045257 0.17194551797611024 -0.43468961312949805 0.19681069540427779 -6.323556962861845e-10 -1.4631262086537015e-09 0.029330136003147003 2.254838138347221 EXP_PCA 21.946283484975545 0.004657375424271436 0.00024501865358335427 0.0005669170306716189
04D3ny SNLS 0.81 0.001 53195.00241138775 1.6723385643672373 3.7818233593479743e-07 2.075734240166736e-08 0.7047510464339181 2.3055757234013083 2.816418528693927 1.6433876305634316 3.385587583002333e-08 9.126640050187877e-09 2.0372934469969954 1.206940927698126 EXP_PCA 24.120746899893497 0.059592942394689034 -0.097197956222867 -0.0262019734628562
04D4an SNLS 0.613 0.001 53183.86646488703 0.8077605967082491 4.621648240434278e-07 1.7541287870355957e-08 -1.3697023416731022 1.347136121928382 0.344862202937882 1.489567894342106 -2.0651837744926887e-08 -1.907631637850013e-08 1.7337394652799782 1.87005683120264 EXP_PCA 23.903007780770494 0.04120869942525199 0.04851612837663876 0.04481485017477632
04D4bq SNLS 0.55 0.001 53192.46183207437 0.3964689064960112 9.393236871331301e-07 1.600321776745552e-08 -3.268185607721815 1.0626357153898378 -2.8587189056775664 1.0309693574546535 -1.2090027630831528e-08 -1.1195548408791315e-08 1.0240172071971803 1.8063436257346495 EXP_PCA 23.132961814563373 0.018497641612536524 0.013974501968946429 0.012940600142476995
04D4dw SNLS 1.031 0.001 53196.994929423374 7.9655437884321145 5.747425859287949e-07 6.093477649956391e-07 18.261313333418276 23.197020574001673 9.695421400023543 18.642305366152478 1.3116081267986087e-05 1.0061112471555765e-05 429.05707485998573 0.9624350940096523 EXP_PCA 23.6663165558491 1.1511082455723556 -24.777360588635215 -19.00627226510232
04D4gg SNLS 0.424 0.001 53245.719407132456 3.388410550542176e-05 1.6831887584342335e-06 9.067116130678877e-09 -0.5054226843783939 0.2544822826781201 -0.017333943968456972 0.2476861633121269 7.811607266483461e-10 1.252505776961751e-10 0.04924028305963461 9.891104399212013 EXP_PCA 22.499667945132252 0.005848717920967002 -0.0005038855436785623 -8.079253511537864e-05
04D4hu SNLS 0.703 0.001 53256.43846964222 1.1895941265938745 4.870113525748523e-07 2.1153436967806522e-08 -5.378280655233593 3.982242122401931 -3.7214148835261347 2.973143951072641 5.412354928495796e-08 2.4836204643135233e-08 11.064669087248221 0.6093246316891471 EXP_PCA 23.846152287399 0.047159172470187125 -0.12066227343161982 -0.05536948251260601
04D4ic SNLS 0.687 0.001 53259.0386463675 3.898592003813974 3.913228818640331e-07 4.516505235250255e-08 3.8233009996211242 7.06252987775767 5.768758708401406 6.36270642603799 -2.3874071619997313e-07 -2.573812720241157e-07 42.31876857935286 0.8484109845421265 EXP_PCA 24.0836618920248 0.12531169221519378 0.6623927481405496 0.7141114880176588
04D4ih SNLS 0.934 0.001 53268.24658328431 1.105302317526366 4.3400793086417903e-07 4.7144449821151124e-08 -3.9688371979898234 2.474781745943752 -3.83937097362432 1.9054130361670583 -1.1384460667656488e-07 -7.854095635616899e-08 4.292878923510114 1.2957899959701118 EXP_PCA 23.971255835786238 0.11793894162787841 0.2847994296764989 0.1964820313362135
04D4im SNLS 0.751 0.001 53283.17387607692 1.2852854451593885 5.444813857205953e-07 2.542484117159533e-08 -3.060372191599716 2.937814677038723 -3.7840377208341045 2.9631839138414406 6.923317116600539e-08 6.808472886097157e-08 8.37844466533881 3.577898706341988 EXP_PCA 23.72504240738766 0.050699016135680515 -0.1380560703754199 -0.1357659913711563
04D4jr SNLS 0.47 0.001 53297.949611818294 4.539668225334026e-05 1.8262242577586287e-06 8.997769725711956e-09 2.485818575469121 0.24837934643652917 -0.4841583267266286 0.19014361254029286 1.20742036290751e-09 6.042056007838097e-10 0.03617073750828239 2.5733426326509994 EXP_PCA 22.411114731945517 0.005349400169107428 -0.00071784174194457 -0.00035921541021131454
04D4jw SNLS 0.961 0.001 53281.88245253841 2.599678888487688 3.903353451503452e-07 6.549366934675705e-08 -8.030971539576765 2.354862418383222 -5.007231825681035 1.8511166834880801 -1.4981950016781985e-07 -9.332852744689612e-08 3.634309585643686 0.7686937037110542 EXP_PCA 24.086405303139756 0.18217373567551998 0.41673001825728934 0.2595977085980483
05D1az SNLS 0.842 0.001 53605.518106285715 0.8270422245841473 3.972753372084589e-07 1.6666047646539316e-08 1.1600142863860199 1.8300257161681188 -0.42993694850670255 1.2453629475657695 2.4832656796564065e-08 1.629841012342443e-08 2.0516617018579275 0.822148594477494 EXP_PCA 24.067270987605326 0.04554758281050041 -0.06786657015714835 -0.04454284546164256
05D1cc SNLS 0.564 0.001 53608.19940389616 4.736857226816937e-05 7.29889909176563e-07 6.229964538868315e-09 0.4759722568023837 0.470738026197891 0.9248151307342107 0.5157133636908525 -7.783544097326906e-10 -1.0401292108681554e-09 0.21633363763483512 1.7447505684643307 EXP_PCA 23.40685660121504 0.009267285338743264 0.0011578288069954614 0.0015472277773234376
05D1cl SNLS 0.83 0.001 53627.81894141187 1.0648363968357444e-08 3.9338195472748615e-07 9.872116028190232e-09 3.7498788133784733 0.9761687682527833 -0.7941244332447835 0.7402345708742579 5.842592385780213e-09 5.160317652093669e-09 0.5010000017606979 0.8628854469391974 EXP_PCA 24.077963914943737 0.027247090672484892 -0.016125584833397353 -0.014242503082816398
05D1dx SNLS 0.58 0.001 53663.33951680831 1.7462298274040222e-09 9.870685669862919e-07 6.456272957537611e-09 -3.991306378076259 0.20242949061554216 -5.287505809491299 0.26184047226799956 -5.164106041125668e-10 -6.794624347118023e-10 0.03749695726401785 6.498890645388549 EXP_PCA 23.079131694745648 0.007101643727954696 0.0005680311461218052 0.0007473816812869452
05D1em SNLS 0.866 0.001 53668.37362474181 1.093579896241863 3.618904058031999e-07 1.6280414132537942e-08 -0.20296672648186828 3.6766073210210473 0.08207875204305594 2.4273501809515383 5.3948960896904126e-08 3.55392370860439e-08 8.659403874658219 1.0963997130896317 EXP_PCA 24.168557326161256 0.04884416599252123 -0.16185657070638898 -0.10662409330294406
05D1er SNLS 0.86 0.001 53666.159971989604 0.0002768510748865083 2.545793060179868e-07 9.805879872228698e-09 -2.062025766114457 2.072789902353707 -1.4773473047695211 1.5504384460494485 1.368300760150944e-08 1.0196931792706977e-08 2.497648927306765 0.9807089983763655 EXP_PCA 24.550442254332204 0.04182036224120866 -0.05835563375245381 -0.043488130272493444
05D1hm SNLS 0.587 0.001 53693.9092362502 0.7784272921089723 4.83616901566084e-07 1.3203839228421087e-08 -3.6715816324538184 1.072089078468307 -3.325571334383823 1.3526132061656313 -9.046090829413816e-09 -1.1747517163105348e-08 1.363529686469904 2.4213391566585414 EXP_PCA 23.853746324280955 0.029643063022981402 0.020308778070451682 0.026373571020156163
05D1ix SNLS 0.49 0.001 53719.17677007509 0.12773407108397805 1.3667184799346195e-06 6.880668728346909e-09 0.2604790669670182 0.3277000535571189 -0.6780694602534103 0.22438390275845368 4.0044343685916304e-10 4.2857518301452775e-11 0.05898696214088067 1.7755967402626458 EXP_PCA 22.725802333189172 0.005466078977486785 -0.000318116674164359 -3.404648429733488e-05
05D1ke SNLS 0.69 0.001 53731.147616565824 1.8089635470169014 6.691987205007093e-07 2.454807097511691e-08 -0.11258472000374943 2.109264323629303 -0.4118083557918249 2.4631186546852857 -3.493404486967457e-08 -5.263448284975389e-08 4.8791437161597235 2.0156701606486847 EXP_PCA 23.50111224518569 0.03982782482715219 0.05667846654768143 0.0853964030384575
05D2ab SNLS 0.323 0.001 53381.24440273528 0.08772837654396426 2.8848244797782745e-06 1.4151028591455732e-08 -0.7187764724576776 0.20309955684998662 -0.11098981278922981 0.23847315269278602 -3.862631034443996e-10 -1.717957370818274e-09 0.04175672112044265 3.1592588625415168 EXP_PCA 21.91470151327465 0.0053258990916119145 0.00014537447214260066 0.0006465726177808395
05D2ah SNLS 0.184 0.001 53382.433029855754 0.03243553488209727 9.36491717357498e-06 1.8077207133920776e-08 -0.44376940787522795 0.10596803448699733 0.280336909624629 0.08756571329656261 1.556946003479279e-10 -2.9667081718694573e-10 0.008255788372881035 5.689988798347541 EXP_PCA 20.63624014828951 0.0020958090608202626 -1.8050695094248458e-05 3.439499155677913e-05
05D2bt SNLS 0.68 0.001 53402.349379949344 3.790361370192841e-05 7.457114854721137e-07 1.114843135714568e-08 1.6721858481841951 0.40806326003083104 1.0016327868478712 0.7249983862641921 -1.0621987733062248e-09 -4.668499450066822e-09 0.12017079990026511 1.8507743097421683 EXP_PCA 23.383572919600887 0.01623182126938894 0.0015465333272936003 0.0067972117549214214
05D2bw SNLS 0.92 0.001 53401.48120800016 1.1493830143663217 3.1638728017043226e-07 2.9404555532953797e-08 2.438783318174659 3.3911027590642617 1.6882341907458922 3.6013791126090107 -9.344575208838467e-08 -7.336893402389461e-08 10.194837883710141 0.25993034966602496 EXP_PCA 24.31445246229459 0.10090668155101293 0.3206748266509276 0.2517778462248605
05D2cb SNLS 0.427 0.001 53422.70933703119 5.7623918110039085e-05 9.344037481501571e-07 9.227497823479778e-09 0.23780614641637185 0.4083864615625779 0.4845053770448243 0.4580343962542297 -1.0229545624426485e-09 -1.6982405746747674e-09 0.12903710338211322 4.51152006111906 EXP_PCA 23.13866357038424 0.0107219480723539 0.0011886283701935808 0.0019732811217462545
05D2ck SNLS 0.698 0.001 53414.765882945474 2.0692068246025883 2.6629399954603025e-07 1.241650406703943e-08 -9.602167404973416 5.798620009338273 -3.2550260946108014 5.114314236410015 3.653734997808617e-08 1.85319752472257e-08 28.050233627259686 0.7264481039422592 EXP_PCA 24.501596548729985 0.05062467808171924 -0.14897040025218317 -0.07555873022259536
05D2dt SNLS 0.574 0.001 53450.24955325901 0.4154116884965333 6.803138455324444e-07 1.1612086391472176e-08 -1.7591092989332917 0.8859408675581996 -0.9380794891695973 0.9778402710087312 -7.931657512804123e-09 -8.326026410936615e-09 0.8088279375813493 1.4303284542888455 EXP_PCA 23.483226725813516 0.018532127033418225 0.01265840432609946 0.013287791179747724
05D2dy SNLS 0.51 0.001 53440.2320390077 0.5480383216490736 1.3883237383175779e-06 2.3866056124095996e-08 -0.6287927074654436 0.6004527003974599 -2.867882761896982 0.37833033509297376 8.187780858610759e-09 3.8668360462012845e-10 0.17231801511624042 2.8835467583941927 EXP_PCA 22.708773126181867 0.018664408367836394 -0.006403240014891813 -0.00030240525155265637
05D2ec SNLS 0.64 0.001 53436.88442507265 2.1190382996246626 7.083505248271016e-07 5.017917529607015e-08 3.964252384214839 3.021535136164489 1.6664093992069098 3.254911022527144 1.4370130685655028e-08 -3.228162107550263e-08 9.237654108039228 1.7603023503165975 EXP_PCA 23.439379449961763 0.07691297660455074 -0.02202605998820951 0.049480198745545254
05D2hc SNLS 0.35 0.001 53471.80134266441 0.15397125324670924 1.5248581631484903e-06 1.8917987677786695e-08 -0.3009818689328373 0.34935737813425816 1.6487979776458865 0.5101450755971803 -1.1695797025549805e-09 -7.238422712464182e-09 0.1268999014135733 1.0704022410818919 EXP_PCA 22.606926377394153 0.01347006865250392 0.0008327692752696556 0.005153933522603045
05D2ie SNLS 0.348 0.001 53479.76957851671 2.4017492251005024e-05 2.2385548912615494e-06 1.863128205191785e-08 -1.2592651643655215 0.2032757620960831 -0.7364204048047164 0.27998460958269966 -1.8189572051365451e-09 -3.831314203079872e-09 0.031061063729053543 31.07708122054557 EXP_PCA 22.19008062970378 0.009036480429312849 0.0008822243761954113 0.0018582508556417765
05D2mp SNLS 0.3537 0.001 53711.20503830184 0.0993333941732999 2.3837792727916062e-06 1.4091443520357502e-08 0.07695165852696186 0.2202841406388566 -1.1388071802068374 0.21959667204342442 -1.2020614762173379e-09 -1.725692396349956e-09 0.03667519915734381 2.7397080149762143 EXP_PCA 22.12183490195052 0.0064182076679605415 0.0005475010543009545 0.0007859984078134738
05D2nn SNLS 0.87 0.001 53710.10122903033 2.4733285255169903 3.003494215226378e-07 1.5112043787102875e-08 -5.402114817397559 4.281262135810087 -7.366733559246469 4.340883462622154 2.555359736702019e-08 4.2632904763248866e-08 16.240158854141143 0.8456204964364243 EXP_PCA 24.370933000433304 0.05462868210089453 -0.09237396124332037 -0.1541141247444547
05D2ob SNLS 0.924 0.001 53727.284128771724 3.0194166018845863 2.285629833418444e-07 1.6229910366267282e-08 3.2506890429406066 2.1385515196905196 -0.2896459446488627 2.2044342105812937 -1.5280993389921394e-08 -2.4235459737281425e-08 3.1214357024044777 0.922660556688767 EXP_PCA 24.667485259787327 0.07709647917169801 0.07258886599013815 0.11512501145633697
05D3cf SNLS 0.419 0.001 53418.733984078484 0.20145019953270094 1.2338011576434679e-06 1.4299147165208415e-08 -0.17965230352966696 0.4618997344250325 0.8915363621004782 0.4919175533284243 2.957626211287136e-09 1.2582889200379562e-10 0.1757254148147486 1.287933319413413 EXP_PCA 22.83688706651164 0.01258314735583807 -0.0026026899373877907 -0.0001107285260730805
05D3cq SNLS 0.89 0.001 53446.9647141816 2.3742248131602537 4.0114982081503966e-07 1.3003791044066058e-08 1.2700839410586042 2.697769339084029 -1.2894699459152337 2.1085753185204776 1.1087960163963347e-09 -9.036798272323394e-09 4.50081815202723 0.8153788407818746 EXP_PCA 24.05673349362852 0.03519554541235061 -0.003001023348950116 0.02445864001490132
05D3dd SNLS 0.48 0.001 53455.09924629317 0.10692188877874287 1.2298189369794769e-06 7.655139431808047e-09 -0.4149065167103242 0.40524389532673966 0.15917661548185041 0.24995338699985334 1.578306033073337e-09 8.988449855374983e-10 0.08220282288052541 1.5611732073905578 EXP_PCA 22.840397059732794 0.006758281063714239 -0.001393395361519385 -0.000793538393269712
05D3gp SNLS 0.58 0.001 53454.431240707796 0.7534416888083797 7.224838701325288e-07 2.63917819829714e-08 -0.47590614076359244 1.408438394660254 -0.5650641854515027 1.6208815621161798 -3.122498925949489e-08 -2.809479751364148e-08 2.000062781110174 1.0307801905670342 EXP_PCA 23.41792961084249 0.039661111329363126 0.04692437123336541 0.04222037347396257
05D3ha SNLS 0.805 0.001 53484.59904115207 0.0001581124852236826 3.337116283496199e-07 1.0187470712207541e-08 0.5473521295973717 1.3900224679621478 0.3038131095783824 0.7968093293876419 9.98602624506791e-10 4.046434910371591e-09 0.5517809610135609 0.8384697577069719 EXP_PCA 24.25657164967943 0.03314510148135632 -0.003248969863458298 -0.013165141724653532
05D3hs SNLS 0.664 0.001 53491.498997839706 1.6027457033305836 7.365795090441477e-07 3.2902059979238215e-08 5.853560521508714 2.6522414897818156 4.478704707038949 2.9561258597807827 -3.655382791511464e-08 -5.155129333761483e-08 7.59876040750519 0.9166571026505363 EXP_PCA 23.39695091745255 0.04849844082268836 0.053881236041226355 0.0759878667428424
05D3jb SNLS 0.745 0.001 53515.53114127983 0.5804086111602373 5.399362523903148e-07 8.221469046252736e-09 2.4308106715934352 0.9937484906061452 0.5744958783395451 1.064582571199689 3.5968937865875294e-09 2.4413446031663212e-09 0.841270574400637 2.081282943370765 EXP_PCA 23.73414378039344 0.016532223128744673 -0.007232849788246027 -0.0049092021738010826
05D3jk SNLS 0.736 0.001 53507.27986385943 0.5924414947912737 6.395077578939913e-07 9.327527413933592e-09 0.008805585039341451 1.269493876039414 -1.0934676021537602 1.1431670700419256 6.368421809468417e-09 4.1020112534142256e-09 1.3215370340604549 1.2507892106784297 EXP_PCA 23.550385456774436 0.01583598336247302 -0.01081210671858232 -0.0069642659923687305
05D3jr SNLS 0.37 0.001 53494.69571754327 0.20258217618902563 1.5658738524402722e-06 1.7488483921045928e-08 -1.5729093208353895 0.4303211185615061 1.069482181317614 0.33675927466456446 4.157900398101027e-09 6.868791095295086e-10 0.12160362164640245 2.302909795039692 EXP_PCA 22.578108069609293 0.012126059918440487 -0.0028829799992900252 -0.00047626411051311586
05D3kp SNLS 0.85 0.001 53529.84838000294 0.6710269879513362 4.5039490805116223e-07 1.2593152741153994e-08 1.1947228396926266 1.424876377541298 -1.122280502043874 1.0937217003869582 1.4883830168440075e-08 1.0417735994689356e-08 1.3182344918130895 0.9022300367089924 EXP_PCA 23.931016320135242 0.03035745213524221 -0.03587943156211484 -0.02511332374956896
05D3kx SNLS 0.219 0.001 53533.77251748791 0.037844633388885995 9.109631324338265e-06 2.9003362694957887e-08 -0.025642165428376138 0.10414577804021698 -1.2081906370339752 0.10170141316610733 -3.816198338063721e-10 -1.7350907258637257e-09 0.00789961466054304 4.073503009171594 EXP_PCA 20.66624799748118 0.003456781050349979 4.548356077927848e-05 0.00020679770152467233
05D3lb SNLS 0.647 0.001 53526.34006166013 1.4633214329551265 5.644601740480115e-07 1.8048896045370183e-08 -2.679746841807326 2.2138434284168933 -4.177444948965425 2.855547328832938 -3.377747632084612e-08 -4.677706104741296e-08 6.159797741844048 0.5767745414528532 EXP_PCA 23.68591673665641 0.03471695753455836 0.06497079977122303 0.08997543328369102
05D3lr SNLS 0.6 0.001 53538.03732541318 0.6171630043427285 6.090215986303805e-07 1.4748869455844967e-08 -6.535124313887543 0.9772685076580151 -5.73057194659512 1.215686925717745 -1.1322528425136894e-08 -1.2412053648004462e-08 1.1051866578503429 0.38163083453447805 EXP_PCA 23.603418262672093 0.02629361845864657 0.020185292390648122 0.022127648758837326
05D3mn SNLS 0.76 0.001 53559.85054476726 0.6135224896206637 4.731854623543648e-07 1.192547490402159e-08 1.2138614064514472 1.2486377327823799 0.7711960032057965 1.2080309700090646 1.2291226022117896e-08 6.2838898835436775e-09 1.1767881932333595 1.0582623843057322 EXP_PCA 23.87742151659941 0.02736330866507925 -0.028202534005756633 -0.014418546840662006
05D3mx SNLS 0.47 0.001 53569.95951832028 0.1754114533723623 9.868949043900351e-07 1.3735006655703435e-08 -3.1012995939134806 0.869992213779328 0.28693969555160237 0.6706485195327675 9.058343059962689e-09 6.379285276583203e-09 0.513831986776935 3.3777619032332185 EXP_PCA 23.079322733507396 0.015110620120090745 -0.009965570773110517 -0.007018195103102406
05D4af SNLS 0.499 0.001 53536.95153917597 0.23722263588933856 1.068390792141108e-06 1.0249360049285403e-08 -0.04513598410876216 0.8214924281476993 0.4519613261790363 0.4101820930791745 3.730822877158449e-09 9.814491128450148e-10 0.2762234805298072 1.4579765556667 EXP_PCA 22.99317465893558 0.010415759254915951 -0.0037913930942375853 -0.0009973830201288753
05D4av SNLS 0.509 0.001 53550.61974004492 7.647135134902783e-05 7.661585295296313e-07 8.069146198005965e-09 -1.125903013476113 0.5133113640219533 0.23313637105184593 0.4053062828479785 1.9417880548660975e-09 7.499680497251362e-10 0.16491903905299765 10.238708081896483 EXP_PCA 23.35420339779656 0.011434923492974904 -0.0027517406801296335 -0.0010627924021133458
05D4bf SNLS 0.589 0.001 53550.44878157795 0.7104162965770229 6.784639898993897e-07 1.678958831506454e-08 -0.05926367952670986 0.9531078464668018 0.08171735227072736 1.1884710581438398 -9.330882939233552e-09 -1.4549000125287768e-08 1.0177958001108722 1.191540312142851 EXP_PCA 23.486182994929578 0.026868137687532725 0.014932078312642856 0.023282556501485006
05D4bj SNLS 0.701 0.001 53562.798189432135 1.20714943805433 4.4524357601622945e-07 9.531750404276589e-09 -1.3129027888511733 2.3321596502236743 -1.4168273981124004 2.3090549930019764 -1.1318267942991981e-08 -1.3100361671584884e-08 5.134721731657956 1.286515886755757 EXP_PCA 23.943505844573814 0.023243381973609437 0.02759984409165689 0.031945518651900734
05D4cn SNLS 0.763 0.001 53583.107927074205 4.983994585927576e-07 4.6598038586366017e-07 1.0847818911867434e-08 1.7184146473841924 0.893646550304499 -0.41351397129861045 0.730490297408787 7.213044111989877e-09 4.210731509359331e-09 0.4829479443331247 2.782017830152619 EXP_PCA 23.894080908331084 0.025275462428413165 -0.016806422279748587 -0.009811021637217374
05D4cs SNLS 0.79 0.001 53587.92093135265 0.5977752517865156 5.319400813499399e-07 1.1426419019739708e-08 0.9210168115772644 0.9057852782617902 -1.9299288875965501 0.7262830360148047 8.161894315934652e-09 5.135095636565462e-09 0.48531019966047545 1.1845904640024614 EXP_PCA 23.750343211577366 0.023322320042108068 -0.016659139758243076 -0.010481179070705962
05D4dt SNLS 0.407 0.001 53608.50926412504 6.666103217867203e-05 1.3347958668744933e-06 1.21282642891725e-08 -2.9183424720733777 0.3664134055017336 -2.363801986636226 0.3700133359926589 2.8317192865700945e-09 1.318779694028841e-09 0.11028702610678244 4.864020803643324 EXP_PCA 22.751462866963212 0.00986525053487288 -0.002303348569950358 -0.001072708490819438
05D4dy SNLS 0.81 0.001 53612.49737445316 0.00023864294053055346 2.8092936807492075e-07 1.6710513950485796e-08 0.08162888843056315 2.0920152327541275 -1.4051505323204918 1.2938506830165435 3.1101522004967235e-08 1.558981018888884e-08 2.049112824259241 0.9755619810820106 EXP_PCA 24.44350714428697 0.06458281709913516 -0.12020120464895295 -0.06025151967333546
05D4ej SNLS 0.585 0.001 53626.87128343167 0.4052113130892394 6.283338129872718e-07 9.783831642793277e-09 -1.8260277975806796 0.7464145382788363 -1.8065112146347937 0.8477688512668248 -5.322676938426136e-09 -5.424565194320457e-09 0.5776062381987993 0.9266492201928931 EXP_PCA 23.569523921621105 0.016906077655340274 0.009197377156587114 0.00937343606982336
05D4ev SNLS 0.722 0.001 53630.56930937822 0.00018655560415936634 3.5453195974592416e-07 8.985564690915524e-09 -2.2984360897793095 1.2076937341793113 -0.7201904275507958 0.9930427120205837 -9.36284846993897e-10 -1.349180738145431e-11 0.6028282294855263 1.1167994282682998 EXP_PCA 24.19086152168419 0.027517837636175012 0.0028673250137342134 4.131797808063854e-05
05D4fg SNLS 0.839 0.001 53640.728996758546 0.00020361499628052115 4.0357293518981925e-07 1.4631051979378131e-08 -1.1603092225214349 1.3893884081851395 -1.8087711288195591 0.9756930896222036 1.6400210557967074e-08 1.087714280169202e-08 1.0690342566105533 0.8170330311454248 EXP_PCA 24.05019491636928 0.039362061879192306 -0.04412164646290327 -0.029262883395703047
05D4gw SNLS 0.808 0.001 53673.86791572724 2.8868318215209 3.338886930949647e-07 2.922985562004807e-08 2.3709812750878965 2.703820562385363 -1.771524262166445 1.8800926357812477 7.091854770222844e-08 1.707625332073176e-08 2.457349162157005 0.8447381628253162 EXP_PCA 24.25599571943213 0.09504937772035528 -0.23061228613475648 -0.05552840469104017
06D2bk SNLS 0.499 0.001 53773.72316014738 0.2589374121816945 9.55612050032595e-07 1.1814150529147505e-08 0.16008789040962587 0.9057627669867171 -0.12454525160795432 0.45678850017775535 7.171723714814862e-09 2.337428117992574e-09 0.32633087231896934 1.5547305523476032 EXP_PCA 23.11429595635294 0.013422864390963195 -0.008148285789647974 -0.002655711942558313
06D2cc SNLS 0.532 0.001 53787.769895813915 6.642949301749468e-09 7.740480029464773e-07 1.7395152840311122e-08 -1.1219974150470167 1.0641445411069865 0.12777946202722093 0.9119352998737075 -6.477087147118871e-09 -5.36575316655876e-09 0.7354567225211048 1.0847485885485635 EXP_PCA 23.343080263769753 0.02439971055300679 0.009085235011563966 0.0075263968856609225
06D2ce SNLS 0.82 0.001 53802.52928108698 7.203198038041592e-10 5.501532138757384e-07 3.652220913051651e-08 8.262516546033448 1.7174111199552475 2.9658648509675083 1.7720620876273045 5.23734522747498e-08 4.563286003997683e-08 2.2790221419189023 0.2812417154701407 EXP_PCA 23.71379086410772 0.07207716637952083 -0.10335984934500725 -0.09005718229477434
06D2fb SNLS 0.124 0.001 53853.2977220618 0.04186638402825338 2.278357453243978e-05 5.484217366208614e-08 -0.2794818149970024 0.09822331707583076 0.32507444145342923 0.08534191386591176 2.3280803853702295e-09 5.434840723940245e-10 0.007633782650847772 13.499314779323168 EXP_PCA 19.670945345294513 0.0026134675841922583 -0.00011094313398385955 -2.5899374712576845e-05
06D2gb SNLS 0.442 0.001 53872.31951248016 0.39354623089457164 1.0065174749618644e-06 2.042429191582494e-08 -5.468829478328022 1.671250484055686 -1.9876115935995256 1.5623001369640104 2.6380763056076407e-08 2.121585449102758e-08 2.4917149468256037 0.9587809065932493 EXP_PCA 23.057946701432535 0.02203180147508131 -0.028457081244628268 -0.0228856645898391
06D3cc SNLS 0.683 0.001 53769.342983431976 3.8633353316727153 3.490725702166204e-07 4.210920746998313e-08 2.379254623158862 9.357423822016765 6.226021802478617 7.791131921213906 -7.710849665999634e-08 -1.5768607916309415e-07 68.35831016504346 0.15818168418200398 EXP_PCA 24.20771069070868 0.13097417272133552 0.23983404501326583 0.4904581446416273
06D3do SNLS 0.726 0.001 53845.80551218613 4.241064237612591 6.289447461472533e-07 7.852878993104401e-08 5.57758333652508 2.63931182480302 1.6205124368174482 1.510956187330397 1.7018970624146295e-07 2.4048259000962178e-08 2.78040916412094 0.7311432707662657 EXP_PCA 23.56846876594718 0.1355628628210499 -0.2937954834274816 -0.041514084692953486
06D3ed SNLS 0.404 0.001 53875.29078442396 0.4360312009375775 1.7408360743253298e-06 3.508030957625097e-08 0.29604061645573965 0.4022873845673967 -0.3714088390883629 0.32178062707519145 1.0311351447375603e-08 1.6683260025537404e-09 0.09414261459913592 4.5478681507046055 EXP_PCA 22.46310530564685 0.021879120465618906 -0.006431052154488281 -0.0010405126416133136
06D3em SNLS 0.69 0.001 53878.260509436775 1.0731837759631162 3.275172200959562e-07 1.5567226127611253e-08 -16.195099794613323 6.807372553582265 -11.821674160630337 5.122415465680848 6.926378446661072e-08 3.952187982292422e-08 33.481922432362204 0.699964100679433 EXP_PCA 24.27691465218779 0.05160614458516809 -0.22961296035649734 -0.13101703718441657
06D3et SNLS 0.576 0.001 53895.01999297403 5.464663991006091e-05 6.870683499475653e-07 7.912446753543267e-09 -0.29237492145223054 0.3737272855469813 2.768298689810525 0.42656305534310085 -1.8932794711133787e-09 -2.0502817030353382e-09 0.12400916298055492 2.7788262389043834 EXP_PCA 23.472500142327377 0.012503603039200499 0.0029918450874210625 0.0032399470520051
06D3gh SNLS 0.72 0.001 53922.03551223062 1.8862482558979536 5.319323693842051e-07 1.512438227799783e-08 -1.341000399153889 3.3578070339409853 -3.0481737692549236 3.9941615105629382 -1.205136979827066e-08 -1.6797490975595474e-08 12.72827568896668 0.6683800535611737 EXP_PCA 23.750358952487666 0.030870633860530915 0.024598255831015912 0.034285644474719386
06D4bo SNLS 0.552 0.001 53918.890734975044 0.32178433997614775 9.934672982669262e-07 1.1383817249796174e-08 1.2627500054703238 0.6709154373680697 0.24707844938501283 0.5669703345181586 -5.273496994389517e-09 -4.470529371569924e-09 0.34666697202151986 1.3218951085259514 EXP_PCA 23.072116059724532 0.01244109650918069 0.0057632763780751115 0.0048857326271487846
06D4ce SNLS 0.85 0.001 53924.60552524354 0.9814636374430847 4.1360878862995376e-07 1.892731319967029e-08 -0.4673278237651023 2.58239841507401 -3.4807585755285073 1.8967821311254123 3.009804688284993e-08 2.9068127285040847e-08 4.081545703181583 0.7005178109118358 EXP_PCA 24.02352560410745 0.04968479820689725 -0.07900832886424584 -0.07630475721376116
06D4co SNLS 0.437 0.001 53939.72994742473 0.26207449393405113 1.8147267642574005e-06 2.250933199999671e-08 0.12293228926472055 0.3912028704800335 0.30056747493116676 0.2944562769486082 6.916841195451177e-09 2.072394302477975e-09 0.08780572174910202 2.697786168763016 EXP_PCA 22.417971888977725 0.01346714953384062 -0.004138289607216399 -0.0012398965888705314
06D4dh SNLS 0.303 0.001 53956.45957533686 4.250956408213824e-06 4.7514064764246305e-06 1.3512793684903496e-08 0.19971725853665837 0.07994244134939632 -1.3105490232104269 0.07138174993092247 -2.6865256264398504e-10 -5.330042771631146e-10 0.0039033048294177066 24.577204654407158 EXP_PCA 21.372944536708744 0.003087786617272686 6.138936233111245e-05 0.00012179594481724824
03D1aw SNLS 0.582 0.001 52898.94938040447 0.6682740853357245 7.934415477875516e-07 1.5091753961947102e-08 -2.678575244620546 0.9064309105812617 -4.765677892967884 1.2053701248876378 -1.0491060924220835e-08 -1.5099421198859126e-08 1.044517964308849 0.9090465022919647 EXP_PCA 23.316212654655825 0.02065138095613726 0.014355846002155313 0.02066187271413639
03D1bp SNLS 0.347 0.001 52920.24954921494 0.08515483813971514 1.8673423271073206e-06 1.3248470824407789e-08 -1.1456266766615815 0.2711967665688895 0.5895471455557862 0.28990356074153 -1.3699543895398902e-09 -2.73732069478608e-09 0.060656229844903875 7.330241781974746 EXP_PCA 22.38694014628225 0.0077031105774932815 0.0007965379769947751 0.0015915711539441352
03D1fc SNLS 0.332 0.001 53002.549184824566 0.06326058866397943 3.5084086604370447e-06 1.6154396768062796e-08 0.4594650753011755 0.14806303223639444 0.03063311324208448 0.17801105790265984 -1.0285860736029784e-09 -1.8179275347499694e-09 0.020423016029083328 4.136997735488866 EXP_PCA 21.70222456403753 0.004999250410848262 0.000318313300390054 0.0005625883222676968
03D3aw SNLS 0.449 0.001 52767.59234671172 0.25340084094932536 1.727098160640581e-06 2.140954207988567e-08 4.1650120635228705 0.7645387241673327 1.7046791967160235 0.5276202961331822 3.8665298181080505e-09 4.820656946310817e-09 0.3315680542839143 4.812341234197819 EXP_PCA 22.471707445871374 0.013459058375004534 -0.0024306848944472994 -0.0030304946740184954
03D3ba SNLS 0.2912 0.001 52745.13920835493 0.29406184394611046 4.089030050811291e-06 6.150891507869656e-08 4.531260137222604 0.41352046951494253 4.3555742116404215 0.460335166920297 -6.3664243148014484e-09 -1.774740641989804e-08 0.1635076147814557 37.776790759097665 EXP_PCA 21.53594924436889 0.01633210203556318 0.0016904393676590765 0.0047123649010153545
03D3cd SNLS 0.4607 0.001 52801.80642007232 0.13698561280762078 1.9964177563200854e-06 1.3864464635111657e-08 2.6095161170400383 0.6877994092869583 0.28069666851960406 0.42978128709573515 6.975587211967236e-09 4.202874069951618e-09 0.2757541133157379 1.7095565589817674 EXP_PCA 22.31437144033584 0.007540080810379231 -0.003793618625913667 -0.0022857002385096017
03D4at SNLS 0.634 0.001 52816.98232389711 2.3839887751419155 5.963914666432563e-07 3.595270709853814e-08 0.14865752380436953 3.7863649662972936 0.4332540828436501 4.111908462295302 -7.661800382871684e-08 -1.1417600429751257e-07 14.704433913633002 0.6542945082929028 EXP_PCA 23.626171447991684 0.0654522372287683 0.13948378765602767 0.20785847637652638
03D4cj SNLS 0.27 0.001 52889.13966498039 7.712515071034431e-10 7.291028152585173e-06 2.0947859037583277e-08 1.5068667611183155 0.07861523980815237 -0.20770755691427684 0.06920816030184881 1.5586378546448358e-10 -7.176644935446514e-10 0.0027734205579688117 16.53201325005527 EXP_PCA 20.90802806208933 0.0031194295911763396 -2.3210300570495132e-05 0.00010687029417580245
03D4cy SNLS 0.927 0.001 52899.64849383776 0.00047449620615225285 2.69231459964726e-07 2.1595534613968242e-08 -0.4735768396930916 2.002601744714537 -1.8570506050463562 1.947990007195829 -3.708946866337063e-08 -1.878049514668364e-08 2.320297612900217 1.2453404077251145 EXP_PCA 24.489685484348335 0.08708883350617595 0.14957159519299712 0.07573655592370335
03D4dh SNLS 0.627 0.001 52904.68780212 1.9095742792997044 9.107722983986544e-07 4.191736842923888e-08 -0.6036659274665611 1.965481584464671 -2.522023635909284 2.750123394653735 -5.529673640037052e-08 -1.008366156186489e-07 5.029129567874767 1.9903024553361988 EXP_PCA 23.166475467857328 0.049969904214071006 0.06591951558079767 0.12020783299507513
03D4dy SNLS 0.61 0.001 52903.68786491423 1.48659367266373 9.84843471193917e-07 3.022792379361978e-08 0.10742529339022 1.060438505018903 -1.6111228875258643 1.517421976769702 -2.6250779904785252e-08 -4.185793461570071e-08 1.5122391019241703 1.1271322932786876 EXP_PCA 23.081581974514133 0.033324637079246565 0.02894005289105536 0.04614608960505188
03D4gf SNLS 0.58 0.001 52937.393806367116 0.7295939360701595 8.767972879862782e-07 3.036886578527983e-08 1.0396640827821477 1.0528098159823889 0.9489669583768123 1.6440168477706858 -2.8888207599582714e-08 -4.8058369612596364e-08 1.6137312735731368 1.8789227791386114 EXP_PCA 23.207752005424858 0.037605701491442975 0.03577220562973132 0.05951057621298252
04D1aj SNLS 0.721 0.001 52997.52651584866 1.1514465388208919 5.206645170479266e-07 1.2317187253267765e-08 -3.3872613778155207 2.655653603925825 -3.576582216016727 2.4667444285788105 2.028674324006967e-08 1.4372864484876073e-08 6.107873803406954 2.030573679763598 EXP_PCA 23.773605045513897 0.025684900168503638 -0.04230373088847999 -0.029971582134673914
04D1de SNLS 0.768 0.001 53245.25953157345 5.526089807972312e-09 4.3400417101883175e-07 6.2105602526804744e-09 -0.3858081600615015 0.6924854265835458 -1.6900930039916056 0.551974960349029 1.5041227830736985e-09 1.7285092067484124e-09 0.2084105719481874 1.394954778456949 EXP_PCA 23.971265241646385 0.015536786437645559 -0.003762822274613145 -0.004324163571098663
04D1hd SNLS 0.369 0.001 53267.219650121944 1.3934262824477628e-05 2.5768579383728884e-06 8.566490023298283e-09 -0.29066356423929546 0.10775654841191888 -1.2229846878403274 0.1264832294510592 -1.159505981287942e-10 -5.796400922938674e-10 0.010073371979339333 19.5055776004587 EXP_PCA 22.03727380837766 0.0036094144840080624 4.885475465181609e-05 0.0002442262045420241
04D1hy SNLS 0.85 0.001 53263.7083950452 0.7646115174029546 3.8605527250475356e-07 1.3133272353010447e-08 2.1651046826368936 1.5774907625865358 -0.6628014199873836 1.3524570454776539 1.8587849605740216e-08 1.5432738323804055e-08 1.8948300058127536 1.1825222320972133 EXP_PCA 24.09837627960728 0.03693582317396496 -0.05227619650060026 -0.0434028076549739
04D1jd SNLS 0.778 0.001 53257.30899870393 0.000184306685696356 3.039195947892758e-07 1.4424636608638593e-08 -2.2777096762156908 1.9174104067902218 -2.919157264043109 1.5695654084591537 2.5053364215217162e-08 1.906798504828746e-08 2.6381006805400706 1.5289486274798316 EXP_PCA 24.358103246225625 0.05153122890064829 -0.08950177956874815 -0.06811933838312328
04D1kj SNLS 0.585 0.001 53297.71141801158 0.26876534713301226 8.547528012850835e-07 9.856883827643092e-09 1.5578743063452065 0.515442775047359 1.3922444282059374 0.5709635464721319 -4.058596721710584e-09 -4.385560014393395e-09 0.27111163046726394 1.050788828123357 EXP_PCA 23.23539866803459 0.012520550528383226 0.005155368189081987 0.005570688131829101
04D1oh SNLS 0.59 0.001 53309.289490758165 6.416484393412247e-05 7.910485430988154e-07 1.0980014232044708e-08 2.2509112619413685 0.4398594583025675 2.1758382068105986 0.5177556869062232 -3.020980846163719e-09 -2.9134047150157643e-09 0.1579170999782304 1.1628041767328916 EXP_PCA 23.319492162453397 0.015070376002198497 0.0041463805314803205 0.003998729288868079
04D1pc SNLS 0.77 0.001 53325.89808346414 0.7850430406288069 2.933582500123299e-07 9.498692060036121e-09 1.9290873508941007 1.638271659556968 2.130600467229296 1.3407905449241033 1.1439060871294616e-08 7.207247534640226e-09 1.8331539449868863 0.46799622443731703 EXP_PCA 24.39650423440701 0.03515522016850161 -0.04233663970887007 -0.026674448680695947
04D1pg SNLS 0.515 0.001 53326.52909713581 0.000108086816908326 7.477477521073038e-07 8.069554398401636e-09 1.454710231942967 0.514718393731898 0.8768477090989778 0.4132128759333305 -4.045493146839203e-10 -7.189757893606261e-10 0.16007908725956765 2.7632707857292114 EXP_PCA 23.380612209696345 0.011717062795466056 0.0005874091046406658 0.0010439590659463004
04D1pu SNLS 0.639 0.001 53329.15688717287 1.636888475251908 4.841078989179443e-07 2.9449800834454695e-08 -5.662573258912676 3.431260587271516 -5.413549075944572 4.08183143788591 -6.910436027986595e-08 -9.055280081946497e-08 12.74300494692878 1.4382428252676511 EXP_PCA 23.85264457790258 0.0660487363671447 0.15498426286826075 0.2030878953053589
04D1rh SNLS 0.436 0.001 53349.96729592563 0.3044242818868952 1.793427384099955e-06 2.963373780839933e-08 -0.7044634723566304 0.7194787941656563 -1.5637651101172099 0.6656247421978022 1.753831324009276e-08 1.1055833935223941e-08 0.4345989776340386 1.4519410104699502 EXP_PCA 22.430790508054287 0.017940186653855494 -0.010617648544891563 -0.006693172683593395
04D1sa SNLS 0.585 0.001 53359.169615227576 0.0003485713714326266 7.004152559721309e-07 1.5079962483186396e-08 -1.5575971844642604 0.619486184844195 -1.4812645527934831 0.7541090237633997 -7.15368779631723e-09 -9.342132399014104e-09 0.36727551019140625 1.7148199146173904 EXP_PCA 23.451611007441084 0.02337593462561764 0.011089161424986239 0.014481539756262991
04D1sk SNLS 0.6634 0.001 53353.19436349573 1.3798111775795405 4.892801593651584e-07 1.9294736573727242e-08 -2.4812432355732517 2.1499905125109167 -3.6810168793303832 2.681552528038431 -2.245372764403307e-08 -3.989482454375811e-08 5.290726091327853 0.6045723337861608 EXP_PCA 23.841105987030424 0.04281594840581281 0.04982590151731621 0.088528534338758
04D2an SNLS 0.62 0.001 53031.3075965614 0.5290558631277236 6.919741255419647e-07 2.491234952836222e-08 -0.6594570651518564 0.976696323468898 0.2070989276255482 1.6024132924073087 -2.115956996814819e-08 -3.6302801701389216e-08 1.4118635966157556 0.5354508174442869 EXP_PCA 23.464775361200715 0.03908851332749961 0.03320024599696983 0.05696060688755184
04D2fp SNLS 0.415 0.001 53107.519601358064 3.8097819924587384e-05 1.8436897509849489e-06 1.555372873628138e-08 1.0570187807356264 0.37402207243281915 0.5631794005891484 0.42573107375702046 3.2572059471185375e-09 1.9576569686389603e-09 0.13503468425592768 1.6368732594312276 EXP_PCA 22.400780396344985 0.009159483800865075 -0.0019181461638276256 -0.0011528507148303399
04D2gb SNLS 0.45 0.001 53107.869908728084 0.00010586007192614488 1.098116135736156e-06 1.6290295380140767e-08 -6.09316899213713 0.7514000207934713 -1.45353541863375 0.5704777438073193 9.907231373617794e-09 5.764015739520165e-09 0.35932040904033663 1.493210855649191 EXP_PCA 22.963379317196193 0.016106642007009512 -0.00979553932521118 -0.005699033435108728
04D2gp SNLS 0.732 0.001 53110.0824025859 2.0685765999369323 3.5121123659848936e-07 1.6651632129733562e-08 -2.8457935992018077 4.032164239113192 0.04787849730273267 3.9094902722304132 4.1855358655518535e-08 3.426846637268803e-08 14.800194753935333 1.5214294626489466 EXP_PCA 24.20107899448137 0.051476940335579265 -0.1293918688239045 -0.1059377113975969
04D2ja SNLS 0.74 0.001 53122.71913993569 0.00014773692237213254 4.403344342694523e-07 1.2942925303036648e-08 -0.6086275546900569 1.4918385862293637 -1.1436290173458512 1.2536988681765338 4.714254985387921e-09 5.635677464588756e-09 1.1324123770597085 0.7032873197068797 EXP_PCA 23.95554337817228 0.03191347644728555 -0.011623976954218995 -0.013895935873820901
04D2mc SNLS 0.348 0.001 53367.25310255448 0.10474599640656379 1.6376108975043817e-06 1.4930189780702488e-08 -2.1311650168878917 0.3666303939533147 2.7892786629583166 0.3601881692904924 -6.810153032303479e-10 -2.9686273437467965e-09 0.09597005120520649 3.3310713466889372 EXP_PCA 22.529473200793234 0.00989871746305667 0.0004515132207768826 0.001968200254683656
04D2mj SNLS 0.513 0.001 53372.74951962197 0.00010943442248390056 6.671899581287747e-07 7.494897177019557e-09 2.1813400160949503 0.5471075085170404 1.858633392763108 0.45616364432576745 1.1590299032936655e-09 3.0625432570922645e-10 0.193030757619054 7.053046808986856 EXP_PCA 23.504376247210566 0.012196648221223697 -0.0018861206063901246 -0.0004983759201335542
04D3cy SNLS 0.643 0.001 53101.90102332795 0.8796753624883422 5.62853745543508e-07 2.29896575025374e-08 -2.2685784071467925 2.2086617001746305 -0.27595349875118286 2.664588938407423 -3.912332231331726e-08 -5.3996166981874547e-08 5.196861266861229 0.2558917881983205 EXP_PCA 23.6890110988176 0.044346695181696684 0.07546828607309437 0.10415777433225769
04D3df SNLS 0.47 0.001 53119.16352373592 0.17100362904602662 6.209342816327912e-07 9.541319232569896e-09 -5.675747462563403 0.7618999113887456 0.9452370985590033 0.4862075940126903 6.430810886969367e-09 3.3104940227290127e-09 0.3219957760344752 2.290725852853224 EXP_PCA 23.582385905494746 0.01668349781673436 -0.011244610601262472 -0.005788572675776156
04D3ez SNLS 0.263 0.001 53115.22308953828 0.08151865053150686 3.801834450806768e-06 2.0701105193847637e-08 -0.9205363175474274 0.17054238560369753 1.6576544067478152 0.16619920176530809 1.1201494437729315e-09 -1.014310296418479e-09 0.020320138684542556 4.041992891926658 EXP_PCA 21.615016995548118 0.005911866936419979 -0.00031989473018370694 0.0002896689547980705
04D3fq SNLS 0.742 0.001 53119.8083260273 1.0317970470132423 4.0660866100700546e-07 1.9471065198532082e-08 -4.443062208004308 3.3338624346644115 -2.84132618838857 2.9155473236905274 5.569858117497763e-08 4.045206444928894e-08 8.964584364186821 0.967909182500179 EXP_PCA 24.042058437169878 0.0519921055761478 -0.1487276881549036 -0.10801607329521573
04D3gx SNLS 0.91 0.001 53125.94966819941 1.3013703248834645 2.6937179299140264e-07 1.598213444066373e-08 0.03233355799578391 2.701430109107549 -1.7184961349855399 2.6275420556670817 -3.68922798757591e-08 -2.8747191735172877e-08 6.104862125367369 0.6284073582806003 EXP_PCA 24.48911970740437 0.0644179622477928 0.14869888005853615 0.11586909863645983
04D3kr SNLS 0.337 0.001 53164.7496736173 2.4623030185466632e-05 3.471940172315819e-06 1.1716851196135012e-08 0.4839391061202879 0.13503159954471466 -1.1200334590873349 0.14724628207308713 -2.070672834253056e-10 -8.047659980829564e-10 0.016549065350502518 13.734114605367258 EXP_PCA 21.713569417737254 0.0036640635834810685 6.475354852840386e-05 0.00025166435396672406
04D3lp SNLS 0.983 0.001 53146.33653774177 1.8911450178165978 2.3257890046925992e-07 2.3997568401498036e-08 -5.50790290584623 1.7693450778508693 -4.850331558383832 2.006603971524866 -3.367532070812812e-08 -1.833750590938072e-08 2.35993620787727 1.4588081070922272 EXP_PCA 24.648574217413277 0.1120266231678647 0.15720478008059185 0.08560404245875378
04D3mk SNLS 0.813 0.001 53180.723578019126 0.5782997587702994 3.661140663945747e-07 1.2854361047966797e-08 0.5517439112887332 1.4262585109611894 1.7581039829340563 1.081955182125875 1.537185480827461e-08 9.952474471832701e-09 1.1669163409481296 0.7161879740741761 EXP_PCA 24.15595896214343 0.03812048336806821 -0.04558628261401431 -0.02951474104071718
04D3nc SNLS 0.817 0.001 53186.78284818812 0.8113888832231169 3.9583885059488425e-07 1.4065818727158227e-08 1.454804115159323 1.4279198656106882 -1.223148509810283 1.1314091113800102 1.5033748978496646e-08 9.758818997745978e-09 0.7967309593919093 0.8157358363639226 EXP_PCA 24.07120395779659 0.038580772500449376 -0.04123568349763773 -0.026767213692165025
04D3nr SNLS 0.96 0.001 53184.929226338405 0.00035582803684519604 2.898290742856023e-07 1.4518041953033777e-08 -1.382087227029123 0.9481412020913667 1.1415412945962433 1.2400123256917137 -1.1634480119424973e-08 -8.077398335644021e-09 0.5959126180379198 1.1222977344300669 EXP_PCA 24.409645125764158 0.054386413128012526 0.043584227428993635 0.030258951193487742
04D3oe SNLS 0.756 0.001 53193.976796385 0.6929469304122904 4.014677418757227e-07 1.4569785904517776e-08 -4.898677007212185 1.9178464780575692 -3.187458586538634 1.6641896255480502 2.494970133045098e-08 1.660661071807751e-08 2.700021244931747 1.1095502765099576 EXP_PCA 24.055873361879758 0.03940277736438036 -0.06747439758374968 -0.04491120111095401
04D4bk SNLS 0.88 0.001 53190.22782713194 0.928661633424781 3.655414174308178e-07 8.84185293355858e-09 -6.247221967106034 2.8260284505271414 -7.925541497248003 2.579789898822735 1.2472523017314249e-08 1.3715323145156535e-08 6.940866809855542 0.5501903560509792 EXP_PCA 24.15765852116614 0.026262194622387224 -0.037046061427882145 -0.04073744366183045
04D4dm SNLS 0.811 0.001 53198.63774977849 1.3945100363343954e-07 3.4902626935283577e-07 1.5944759444415285e-08 1.4523816102129654 1.463644078279362 2.938824476037339 0.7031835984931787 1.7830038413595634e-08 6.4773916699485844e-09 0.6892088945475726 2.338751014189845 EXP_PCA 24.20785471193131 0.04960028549444237 -0.05546493183382416 -0.020149596938654497
04D4fx SNLS 0.629 0.001 53240.839282238245 1.0233634384348989e-07 8.137162639703783e-07 1.1615099781394023e-08 -1.2796689850872816 0.46202328752135824 -3.7138832408295612 0.5166954708554664 -2.015239086747487e-09 -4.035246401022923e-09 0.11787359892828751 2.045357142459452 EXP_PCA 23.288817508886474 0.01549795046863756 0.0026889201243802422 0.005384202463071353
04D4hf SNLS 0.936 0.001 53240.938859616814 2.633505565838277 2.432509295045e-07 2.412768798657194e-08 -3.924227106022728 2.5897372088449484 -1.5031712478446457 3.076784000112215 -5.514570024509766e-08 -5.404224112074814e-08 6.462275202074501 0.6384725024027903 EXP_PCA 24.599863728852476 0.1076925150398832 0.2461395868653162 0.2412143620194444
04D4ib SNLS 0.699 0.001 53270.37952698552 2.255546860396862e-10 6.878237827858308e-07 1.2612050629433922e-08 5.951012755883163 0.6826020150553488 4.461263200488991 0.7129207373491582 -2.431054344703657e-09 -5.079953292398733e-09 0.3175392749532669 0.31917463095482973 EXP_PCA 23.471307029288496 0.01990823860314626 0.003837441774823265 0.008018753270930348
04D4id SNLS 0.769 0.001 53259.44115240188 2.6717229453715845 3.6190435698022237e-07 1.1191362150340797e-07 -6.464825620884199 14.10261071159431 -6.3938224833497905 11.167123997175885 1.563726210135981e-06 1.206602883556207e-06 154.93168844104707 0.962456827358924 EXP_PCA 24.168515470931638 0.3357480183044281 -4.691278587636998 -3.619885779695447
04D4ii SNLS 0.866 0.001 53268.73548971374 1.0706140008478542 2.7323864955773467e-07 2.208190088904845e-08 -22.27017524573735 7.431264029148544 -22.946279129574584 6.509478107156682 1.5152084884595833e-07 1.374189613509508e-07 47.27319475141086 1.3946909082704313 EXP_PCA 24.47364467442302 0.08774424593272903 -0.6020805315573781 -0.5460455239421013
04D4in SNLS 0.516 0.001 53278.2940594059 0.13586818827752722 1.4117592572244221e-06 7.419809879180399e-09 1.9268231948384846 0.3892422578013081 0.032859847359802366 0.30157961003334777 -5.987658030560505e-11 1.401891920366082e-10 0.10108314760264404 2.4039736141770125 EXP_PCA 22.69059838953676 0.005706324344624133 4.604904888862972e-05 -0.00010781475703526383
04D4ju SNLS 0.472 0.001 53294.34268310303 0.33033149244147353 6.496066065146964e-07 1.0410480202654535e-08 5.225106095462841 0.7250499138910501 4.202117801354065 0.5514549357924755 5.7587507234155074e-09 2.8521232555278202e-09 0.3209667245142428 2.2513473267829185 EXP_PCA 23.53337391739793 0.017399815752465048 -0.009625031660523658 -0.004766967342856171
04D4jy SNLS 0.93 0.001 53289.59914472408 0.00035762478364631534 2.512209817007142e-07 2.1433059773327998e-08 -0.17135044967849128 2.399038262332245 -1.1698451876538485 1.8432141242373499 -4.657811572996859e-08 -2.711486239270838e-08 3.3879361386686067 0.8947126908286828 EXP_PCA 24.564860229053778 0.09263019679769494 0.20130303709141686 0.11718602318762628
05D1cb SNLS 0.632 0.001 53616.92150343641 0.6887900429610454 6.064541529357095e-07 1.2586251959635459e-08 -0.29587333992656045 1.2318056278394247 0.7713387655441352 1.5768132664567478 -7.765182410937262e-09 -1.4338690104735681e-08 1.7939335679390354 1.494956506486168 EXP_PCA 23.608005063991214 0.02253319458467431 0.013902023160849512 0.025670588452824133
05D1ck SNLS 0.617 0.001 53627.02758936384 0.46847729207365774 4.67659014372235e-07 9.00713637351107e-09 -3.758820679567991 0.7303959090839214 -2.5669629187002307 1.0002150455120373 -4.607058487586115e-09 -5.792356687605949e-09 0.6455809801995523 1.467344750101969 EXP_PCA 23.890176724961158 0.020911334458167594 0.010695934524270872 0.013447771075360737
05D1dn SNLS 0.566 0.001 53647.93057991774 0.44397704780931235 9.82485400748978e-07 1.3118352535712001e-08 -2.0620286595007205 0.7264757339496745 -2.74226214266085 0.7553546671649929 -5.8664416575213634e-09 -6.938055095362916e-09 0.4970260331804951 1.5032649735208032 EXP_PCA 23.084184735768787 0.014496979073628185 0.006482954449823526 0.007667185285297453
05D1ee SNLS 0.559 0.001 53661.388583614054 0.3640386722618132 6.796167263721776e-07 1.1936737080616819e-08 0.4712413953911946 0.8864429274652939 2.3700906901627694 0.9849030808100788 -7.872030619424243e-09 -9.053670970049766e-09 0.8090018644963116 0.9290218205424577 EXP_PCA 23.48433985260582 0.01906978906226506 0.012576130511233049 0.014463885270486341
05D1eo SNLS 0.737 0.001 53666.51463033406 0.9153834585740697 3.163370570394091e-07 1.200255704671918e-08 -4.144095206810623 2.5920949016187973 0.11545534748983319 2.0241421514774327 2.3848948711194337e-08 1.4125045038527524e-08 4.689033159823638 0.9795627046119206 EXP_PCA 24.31462482510277 0.04119533404420069 -0.08185467521099687 -0.048480165225340516
05D1hk SNLS 0.263 0.001 53718.55519708082 0.05645301756885601 6.642318810417608e-06 2.7791803061913478e-08 0.6890418817442602 0.1105471904849423 0.27956114510287705 0.09309248979562149 8.664629211846456e-10 -1.213190833418925e-09 0.00542442356248944 8.399833024316424 EXP_PCA 21.009200708669468 0.00454277604569393 -0.00014162978177669158 0.00019830502701221627
05D1if SNLS 0.763 0.001 53716.09019461684 0.4405381897522602 4.66556943760572e-07 7.728479172305395e-09 0.7090984391298006 0.921564467713197 1.1204972431082385 1.0135157127407908 3.6389503607241194e-09 5.2664041983016555e-09 0.7087888486800453 0.6188392820089983 EXP_PCA 23.892738356472424 0.017985135056520034 -0.00846829139892381 -0.012255579481677692
05D1iz SNLS 0.86 0.001 53696.599328629934 1.807658828831336 3.966221211998347e-07 2.8716890691848577e-08 9.939962721366804 2.7580191818507145 5.14721808431559 1.659604194656774 5.3637783400673346e-08 2.4285491864970428e-08 3.8646561426845283 0.48277790926253 EXP_PCA 24.06905766779336 0.07861126812065147 -0.14683115305044653 -0.06648050211720871
05D1kl SNLS 0.56 0.001 53741.8794854492 5.6054574088193476e-05 4.241570365908638e-07 1.168308240912516e-08 -1.056791200269464 0.6799745392080503 -0.1409543632731754 0.8042781555704491 -6.08141826648616e-09 -7.126738322509708e-09 0.39231903852895655 5.07667085403446 EXP_PCA 23.9961833095891 0.029905776541426454 0.015566913710240849 0.018242672291323432
05D2ac SNLS 0.479 0.001 53377.44343826939 0.2697483632291551 1.5362949038948736e-06 2.7809053776265374e-08 -0.6646447327175321 0.6634497297919641 0.05970647291557048 0.32712935330571374 1.64711226175521e-08 5.164742433152418e-09 0.1772012840371351 1.5086906962200595 EXP_PCA 22.59881352514777 0.01965332074487125 -0.011640534713451431 -0.0036500465071567342
05D2ay SNLS 0.92 0.001 53371.738375025016 4.234612060827203e-05 2.934871780331745e-07 1.5214729301737876e-08 -7.045836323670634 1.300685912385078 -6.187358633946808 1.5771647155125845 -1.20851016048118e-08 -4.833976197933725e-09 1.3391238777918832 1.331517499321954 EXP_PCA 24.396027169014317 0.05628587442625494 0.044708025878532856 0.017882971945174506
05D2bv SNLS 0.474 0.001 53403.72571452509 0.15236647648271173 1.478253008889726e-06 1.1538311870110185e-08 -2.1099374286249484 0.446002780482886 -2.3796579028768763 0.3068650970998409 3.8164432725417345e-09 2.156309782935441e-09 0.11914393341401659 2.0117253404892756 EXP_PCA 22.640628070873092 0.008474572934289649 -0.002803072687480161 -0.0015837502686806967
05D2by SNLS 0.891 0.001 53409.33836690728 3.712921170517802e-08 3.0768730875658047e-07 8.109205949683916e-09 -4.559134084207816 1.4949787064077327 -5.884237370700273 1.3971514516325525 -1.8163181144397849e-09 -1.5244664459939524e-09 1.5485068275577663 1.3303898980710491 EXP_PCA 24.344726042048364 0.02861495499113127 0.006409241720676327 0.005379384739797752
05D2ci SNLS 0.63 0.001 53427.009470821155 0.5457355971302604 7.105171304407758e-07 2.080331765947012e-08 -4.607669666308332 1.0514966536520316 -2.254899387293883 1.5407458390177848 -1.2589141855255438e-08 -1.6151308079007146e-08 1.2359427429678596 1.2509585641392313 EXP_PCA 23.436063617120247 0.031789402667827114 0.019237378683054956 0.024680699710507868
05D2ct SNLS 0.734 0.001 53422.06230316998 1.0421217747461924 3.358194276522232e-07 1.1190254723131594e-08 -5.072995320920504 2.9267059457151445 -6.013440797375824 2.759221296128298 1.2468515334707058e-08 1.321414586021869e-08 7.379721894766532 1.6367500929092693 EXP_PCA 24.24973545722738 0.03617915967015435 -0.04031189801351494 -0.04272259254235915
05D2dw SNLS 0.417 0.001 53454.065115811 0.11238772428623633 2.1262127458911282e-06 9.796111522609256e-09 1.0296999052501565 0.3086841946747151 -0.33104353933412256 0.291995329233318 8.106784470584097e-10 4.827989095632162e-10 0.08079906179211752 3.7095060041198096 EXP_PCA 22.245983206841323 0.005002318308221527 -0.00041396748377571876 -0.00024653800836417847
05D2eb SNLS 0.534 0.001 53451.6872155419 0.2528430855854822 1.2510889264083286e-06 1.4929124316171827e-08 1.111776960507442 0.6259040993260844 -0.2916141898724487 0.5591379795096721 -4.8590906690229586e-09 -3.9264599984075045e-09 0.29824845653220333 1.7070601976768662 EXP_PCA 22.821779549755554 0.012955986127969617 0.0042168790324971315 0.0034075113981259803
05D2fq SNLS 0.733 0.001 53460.628243917934 1.4401572815695545 5.00576247991593e-07 1.2852378181932334e-08 -2.4086579925570284 2.4230271571604574 -4.468634189918719 2.705937568432696 2.270177027013591e-08 2.1996627231401628e-08 6.223812847488277 1.1424127292692412 EXP_PCA 23.81632440305456 0.027876457113885596 -0.049239519440407525 -0.04771008345586231
05D2he SNLS 0.608 0.001 53464.88269823822 1.2013371697903494 5.341859078452016e-07 1.7855603739231988e-08 -4.167851470556394 1.105053391967692 -3.895414545159835 1.811703380011395 -1.447875101227269e-08 -2.825411246846356e-08 1.7936332257277434 1.3011132233557987 EXP_PCA 23.745768932801745 0.03629162647831716 0.029428152152337027 0.05742666062469123
05D2le SNLS 0.7 0.001 53693.07901195736 1.9032883606523683 5.256048143998163e-07 1.6553570644071034e-08 -1.2025573047263687 3.173440209503344 -1.4852765517720168 3.324520115032324 -4.024760265878607e-08 -4.425894027109474e-08 10.315229265957193 1.0386293867616487 EXP_PCA 23.763351663521288 0.034194532610612165 0.08313903937744994 0.09142521628426686
05D2my SNLS 0.981 0.001 53699.18082177997 2.509015075975185 2.9617563881721665e-07 1.576669359733253e-08 -1.8700726810365549 1.5558160926594335 -4.48256483595151 2.264706213981053 -1.7690162810035223e-08 -2.1792833741270966e-08 3.005175098067901 0.6308455724593999 EXP_PCA 24.386126665367172 0.05779837307455494 0.06484952748856723 0.07988931396135145
05D2nt SNLS 0.757 0.001 53727.385142634295 2.1902303919923725 4.746269680991718e-07 3.0682629894349473e-08 1.477069827171455 1.5705031203539854 -1.0210772958722905 1.0246367026746623 3.805544319577395e-08 2.8267126590698283e-09 0.9276461138438462 1.3327006259080176 EXP_PCA 23.874118972482155 0.07018826230398402 -0.08705399238320333 -0.006466266100916045
05D3ax SNLS 0.643 0.001 53398.3252807125 0.863545452371909 7.438173264351971e-07 2.9342425327083942e-08 -3.1287341870017764 1.9551940804176013 -3.915660180182149 2.112749806413885 -4.8499712472373875e-08 -5.333774795361034e-08 3.561402496993756 2.120369057780393 EXP_PCA 23.386334273575464 0.04283058807692682 0.07079412092211244 0.07785611060048879
05D3ci SNLS 0.515 0.001 53430.68926713176 9.575598232913762e-05 8.126480641091476e-07 1.6728907148191134e-08 0.6920179879994411 0.8587669397229316 -0.3022620934427146 0.5694906942507237 -7.1373327556787e-09 -9.199324454742505e-10 0.34427898330032003 2.8892753418898707 EXP_PCA 23.29024373720445 0.02235061025677737 0.009535813743359467 0.0012290732065891286
05D3cx SNLS 0.805 0.001 53450.23432191715 0.760268895443005 5.413941646959951e-07 1.2441045360398723e-08 0.719497896265246 1.1663262877844118 -0.5729942841828759 0.6228640152646328 1.0864938143839592e-08 2.975191919061126e-09 0.3404534992546562 0.9560175238529764 EXP_PCA 23.731216073731787 0.024949831848313172 -0.021789035557574228 -0.005966583670960608
05D3dh SNLS 0.8 0.001 53441.84538126693 2.8306261387806444 4.1591848471369507e-07 3.8523993496733415e-08 0.5921643685641853 1.9313321020395267 0.30518681607358167 1.0958983939555145 6.383550434340983e-08 1.017373676933527e-09 0.8810403402600689 0.774571058978283 EXP_PCA 24.017479444514667 0.10056512520731675 -0.1666396680165457 -0.002655807508952149
05D3gv SNLS 0.715 0.001 53463.61899366033 0.0002903009590227157 4.4722966401902443e-07 1.2057187317979543e-08 -7.082551169551081 0.9526671969159114 -4.596236635119895 1.0906099702031233 4.073974765761861e-09 8.64094323005594e-11 0.6227751688304631 1.0570839414073294 EXP_PCA 23.93867349529227 0.029271146017103403 -0.009890358928137903 -0.00020977555074996776
05D3hh SNLS 0.766 0.001 53479.148735981486 9.453142411075532e-07 3.6963170498675267e-07 9.917445755829542e-09 1.8902457465062805 1.8517066229738586 -0.4114748740470341 1.0487401456454668 2.0005146222155835e-09 3.3825562284430433e-09 1.5357040417578318 1.0562155586982915 EXP_PCA 24.145576961120014 0.029130969477347442 -0.0058762035945085795 -0.009935737958361404
05D3ht SNLS 0.901 0.001 53488.45884527815 2.663000486791134e-09 3.554195114658414e-07 1.2960195977227214e-08 -0.7669630863411075 1.313659012088489 -1.931499799499702 0.9554588082646884 -1.1145306343030385e-08 -1.5301186337869797e-09 0.905165896030717 1.2023358354053635 EXP_PCA 24.188146836027457 0.03959083150838392 0.03404670317575265 0.004674209334839047
05D3jh SNLS 0.718 0.001 53492.3249029776 0.9445151688632905 5.645680360662476e-07 2.1693607971617974e-08 -1.6685010832676834 1.8864425961314124 -0.31494516287010726 1.5447047657941084 2.0761598111527622e-08 7.69654073168539e-09 2.6091699168924225 1.016505943331954 EXP_PCA 23.685709284446403 0.0417195697984067 -0.0399271961894748 -0.014801427622455577
05D3jq SNLS 0.579 0.001 53499.61686609123 0.3550875081164122 9.869644882199357e-07 8.451813071140163e-09 -2.671498644566769 0.33677121530813653 -3.786853848453491 0.3954265443286726 -1.8169262156588587e-09 -2.515750420470347e-09 0.11631548082003938 2.414787963643528 EXP_PCA 23.07924618328938 0.009297638928970248 0.001998757399339582 0.00276751731824364
05D3km SNLS 0.96 0.001 53521.90903304262 0.00023138041797210462 2.557973601959032e-07 1.1676140813977268e-08 2.172500975850199 1.0114542493942176 0.14353731390744273 0.7958283990132171 -1.034985218498953e-08 -4.104815053795116e-09 0.4511158856947536 1.0118255057767136 EXP_PCA 24.545259854278555 0.04955957639234547 0.04393012196268216 0.017422956649467896
05D3kt SNLS 0.648 0.001 53530.97009453406 0.8803412055349327 4.7555788718266966e-07 1.5992298621365606e-08 -0.8719553029005203 1.6181637309425767 0.9610129500007963 2.2210212169310957 -1.3903778875324723e-08 -2.7230351754465612e-08 3.1876830478522615 1.0187773091580383 EXP_PCA 23.871991527763534 0.03651168044627674 0.03174342496414692 0.06216904306492129
05D3la SNLS 0.936 0.001 53536.1318440645 0.9205468203581404 3.092624402591587e-07 1.6621255136492437e-08 -0.3819454563385666 1.5043509169384883 -0.17794039784719817 1.7017834891061567 -2.210023540829925e-08 -1.9376287730400868e-08 2.164766378229556 1.3548813784353573 EXP_PCA 24.339182054006677 0.058352700234432786 0.07758790785056367 0.06802486937979832
05D3lc SNLS 0.461 0.001 53527.110071814386 0.18333499574873713 1.1182197301678382e-06 1.4309214865856549e-08 -2.622656428749294 0.5645361511706826 -0.725119034957255 0.378350866865399 7.2402427256553726e-09 3.764951354286156e-09 0.1852370320130792 1.172015170363949 EXP_PCA 22.943682123004525 0.01389354187051576 -0.007029918580761252 -0.003655582068729984
05D3mh SNLS 0.67 0.001 53546.31069263894 11.204401317991142 5.212198491933143e-07 8.15780907935404e-08 -12.675232079162393 13.77465303936718 -17.926192067019013 23.22363130086957 -1.073954901957332e-06 -1.8274919159149767e-06 318.3247729584334 1.8904389861613795 EXP_PCA 23.772447634398908 0.16993268162498976 2.2371207104587367 3.8067892849487066
05D3mq SNLS 0.246 0.001 53576.33843939409 0.1859592403343413 4.6375423484674605e-06 1.8356029508390557e-07 -0.03830036420397324 0.921636191548204 0.4383805156479569 1.7069706914680376 -1.585594441784236e-07 -3.088627941633712e-07 1.5417479769289006 1.5153038613644012 EXP_PCA 21.39928027882135 0.04297493007142948 0.03712175894366349 0.07231061038973562
05D4ag SNLS 0.64 0.001 53539.20049241763 0.7853621181784547 5.543745524941768e-07 1.812578965631915e-08 0.5077827593823914 1.7749827240556733 0.3752180342038393 2.096102768595036 -2.422729846211431e-08 -3.184363517691758e-08 3.3426838538430372 1.442785935751079 EXP_PCA 23.705491783495162 0.035499151216726955 0.047448886254703705 0.06236539438388476
05D4be SNLS 0.537 0.001 53550.59138304336 0.2234411539247958 1.3655410638772804e-06 1.0000785313526675e-08 -0.17314682876483956 0.5083965121934809 -1.700979435960526 0.4468914985161614 -1.8550412336377655e-09 -1.9183301497131135e-09 0.21083101720678749 2.5486157490534125 EXP_PCA 22.726738088596115 0.007951584158208154 0.0014749358199166612 0.0015252565824046059
05D4bi SNLS 0.775 0.001 53560.56340849864 1.542124528914428 5.004336088774397e-07 3.275332762888671e-08 3.37259084485746 3.1150796550078312 0.9513498277241023 3.1483210318888464 9.679300773186467e-08 9.502457759102777e-08 9.354381694438025 0.8170022906702125 EXP_PCA 23.816633827483173 0.07106132162617468 -0.21000122892956385 -0.20616445898559638
05D4bm SNLS 0.372 0.001 53567.82431212583 0.0784861339670897 2.4546111587695165e-06 9.540726670090744e-09 0.9740569625948294 0.17409983451583239 0.18022429967189735 0.17290856632639884 -2.4782920388610865e-10 -6.431692114934491e-10 0.024528114707375384 5.139974586964902 EXP_PCA 22.090043239479535 0.004220103183516757 0.00010962108531699954 0.0002844899063582178
05D4cq SNLS 0.701 0.001 53585.71563647604 1.719642036143341 6.559038112253404e-07 1.6677772408283915e-08 0.522687316559132 2.511546117318286 -1.396303443594712 2.661133840790125 -1.3298649530498485e-08 -2.2798671202970454e-08 6.337581373740643 1.5533286856232051 EXP_PCA 23.522899613897046 0.0276071902746865 0.022013632216403366 0.03773928786783252
05D4cw SNLS 0.375 0.001 53579.28998404721 2.5978042685892433e-06 2.366668966507369e-06 1.8042479558919297e-08 -0.4594922964392584 0.2745741598068089 -0.5151966291462228 0.3087430199019665 1.3155883411056547e-09 -1.0699991293977764e-09 0.06461835269856388 9.332975362182879 EXP_PCA 22.129656209922974 0.008277191934297573 -0.0006035410582173828 0.0004908742246116858
05D4dw SNLS 0.855 0.001 53611.937156486085 9.833202057052404e-07 3.34250586520806e-07 1.14274098472088e-08 1.8873683831024974 1.414146217245242 3.2344074085995236 0.8177576231852017 1.1772264195428835e-08 5.937430424618633e-09 0.876698427646555 2.702643379260835 EXP_PCA 24.25481955498524 0.037119314364918415 -0.038239494452343495 -0.019286378050497786
05D4ef SNLS 0.605 0.001 53625.40940430295 0.00016705788584658876 5.061945007074852e-07 9.810088433538028e-09 -1.8699878446590474 0.4818237145987855 1.2908025584947518 0.5645237273847015 -3.1387006771937237e-09 -2.9403638340848092e-09 0.1814702521523427 1.9217907882924028 EXP_PCA 23.80420644330873 0.02104165132036114 0.00673219672747364 0.006306784181506016
05D4ek SNLS 0.536 0.001 53632.66972852856 9.819494152907282e-05 9.85167135222163e-07 1.0670840814709351e-08 -6.041475359931098 0.4063451497411649 -5.022475433538492 0.40473693985051024 -1.4543829644859823e-09 -1.0239839479123364e-09 0.12235626850093174 5.114864635444306 EXP_PCA 23.0812252111996 0.011760154996571225 0.001602851113958236 0.0011285155641015897
05D4ff SNLS 0.402 0.001 53636.35966798161 3.2602260034764186e-05 1.6208568786456816e-06 1.3221270547307716e-08 0.7074686700852174 0.30797418087570505 2.385650746523328 0.35469929388811894 1.5670216886899313e-09 5.6889485830362495e-11 0.08380503128776091 1.4896263855706937 EXP_PCA 22.54063832894682 0.008856310692964196 -0.001049674529236335 -3.8107605458483784e-05
05D4fo SNLS 0.373 0.001 53658.07256723852 0.0937744600159931 1.847167396633127e-06 1.0098147592774976e-08 0.2572503676084048 0.2753864390958394 0.9552448833461002 0.2666675547906718 -2.5900469650983055e-10 -1.1405512852164601e-09 0.05805971739416404 4.213923359832844 EXP_PCA 22.398734363808952 0.005935533759664193 0.00015223892361660547 0.0006703982681808223
05D4hn SNLS 0.842 0.001 53692.64915725679 0.00010446315354784019 4.1523229119156126e-07 1.2149822623263179e-08 0.9057123677481088 1.2091477402480935 1.1934304832341158 1.1201497510169132 9.201565616798492e-09 8.19851575590203e-09 0.6935594671609417 2.9539098967047632 EXP_PCA 24.01927220063382 0.03176897024461067 -0.024059961478301157 -0.021437218564864108
06D2ca SNLS 0.531 0.001 53794.99287526254 0.4546071736185695 9.443012577733228e-07 1.143335206742561e-08 1.3556736412522452 0.881206695724415 1.1601077709390646 0.7096316063708853 -1.8364294669322964e-09 -3.5884753405505598e-09 0.5430119649645915 2.3610558365581844 EXP_PCA 23.12722357962435 0.01314580932638136 0.0021114850195526184 0.004125947694176174
06D2cd SNLS 0.93 0.001 53791.72907863821 0.00014519111209665425 2.096796703059539e-07 2.2779302202416518e-08 4.256565257341587 3.2950037994093355 1.0346318331868758 2.75945493754628 -7.021960010872046e-08 -2.2301787516866196e-08 3.7525531854265504 0.42363995457125264 EXP_PCA 24.76110918733145 0.11795284246776085 0.3636020698164501 0.11548023755737934
06D2ck SNLS 0.552 0.001 53793.36108137922 0.7147961913142353 8.117535465625297e-07 2.495175563008897e-08 -0.8754380670243875 1.821834395496735 -0.14459777633194934 1.919667273326589 -4.00059666029705e-08 -4.426783440161671e-08 3.3844101303575265 2.30318039935098 EXP_PCA 23.291439513147964 0.03337345993077009 0.05350876079460872 0.0592090921186636
06D2ga SNLS 0.84 0.001 53864.84027129205 0.01038959941433859 2.2213118068197572e-07 2.157465450738292e-08 -25.900456767723142 7.599637210528912 -29.087049299311886 6.863109729331318 1.5167732186584763e-07 1.4270323989125262e-07 48.88845426286464 0.41885986611200554 EXP_PCA 24.69847618751379 0.10545292845379685 -0.7413707489642193 -0.6975070929283076
06D3bz SNLS 0.727 0.001 53775.018576306466 0.8782781249647087 4.710977653904894e-07 1.170599076041768e-08 -5.9749238417729895 3.3602839091746466 -4.316620473105929 2.77454146305384 2.2125005155191355e-08 1.7243814624089196e-08 8.563461679708448 0.6575997056823826 EXP_PCA 23.88222238948339 0.02697872695408503 -0.05099136716885066 -0.03974171652033335
06D3df SNLS 0.442 0.001 53851.46582408438 0.2533804421509558 1.665481115207537e-06 2.0786029650175718e-08 0.17087843573208467 0.4476707982804301 -0.37620316202229676 0.3481795203112275 7.635630188532677e-09 3.6885752976147786e-09 0.1353543184178199 2.19426685446973 EXP_PCA 22.511150718461217 0.01355052587405622 -0.0049777088831181445 -0.0024046023146277553
06D3dt SNLS 0.282 0.001 53849.60581196856 0.17383440593403066 2.602963598753725e-06 2.513581476180625e-08 -1.1232897448465722 0.3400893021166648 0.7159237682510328 0.2802924734285832 5.068120885282021e-09 9.254891369741383e-10 0.07937628768703905 8.237319422130364 EXP_PCA 22.026329763141174 0.010484535448768283 -0.002113991274359783 -0.00038603577230364824
06D3el SNLS 0.519 0.001 53894.22954723033 0.12736220497390605 1.3274358905596842e-06 7.298159101486133e-09 1.4263146016906645 0.3340738701550768 -0.1610181533632454 0.28518652047453397 -4.705829093256176e-11 6.433995315292052e-11 0.08012604788791118 2.357752878410593 EXP_PCA 22.7574661107358 0.005969309418948758 3.8489911688301056e-05 -5.2624926783555955e-05
06D3en SNLS 1.06 0.001 53895.989782716446 0.0006374924887495581 3.0928352769699653e-07 4.045417192414644e-08 17.877492448932415 4.705082405101129 13.41914651613055 5.28182689550166 1.052506233196407e-07 1.0537435135001621e-07 19.621488184542024 0.2687086806927452 EXP_PCA 24.339108024279156 0.14201389714678353 -0.36948108152545467 -0.36991542732822796
06D3fp SNLS 0.268 0.001 53904.99992624051 4.143184924032539e-06 4.010901978149713e-06 1.4730967919373937e-08 -0.5973435553531055 0.11573244217289383 0.3963768299620949 0.12477167472406754 1.686744967550171e-10 -7.427603478531972e-10 0.010727537454734362 10.223760934879982 EXP_PCA 21.556894878870906 0.003987618069034202 -4.565955711307684e-05 0.00020106245565616683
06D3gn SNLS 0.25 0.001 53921.01039060181 0.07852173880382907 3.618126143951197e-06 2.894009494444145e-08 -1.7949351553982298 0.18256886299687983 -0.20399246990597822 0.21826939828449887 1.2435226544869735e-10 -4.261467334310154e-09 0.02064499154567776 16.114285092532885 EXP_PCA 21.668790739443054 0.008684414970674284 -3.73159340967315e-05 0.0012787916137168983
06D4ba SNLS 0.7 0.001 53902.33719526197 1.1398055835234118 6.235670281937571e-07 2.2771692543341978e-08 -4.159215438145214 2.1770403880779785 -3.0110186685914258 1.9914309616657735 -2.1542200395182523e-08 -1.8652448554228568e-08 3.7718244928419287 1.4266187091711604 EXP_PCA 23.57779214171024 0.03964938798887995 0.03750863314077759 0.032477083917307
06D4bw SNLS 0.732 0.001 53906.8434423442 1.948947536344349 5.572240107906788e-07 3.985901234501957e-08 -1.024166149957814 2.5213090051500577 -2.967315418107194 1.747849298412795 8.13731067387307e-08 3.5309137015534706e-08 3.7814675177535326 0.8199313770150054 EXP_PCA 23.69992544522343 0.07766422830107685 -0.158553340073273 -0.06879891690620725
06D4cl SNLS 1.0 0.001 53938.607391400146 1.2594046329613775 2.9965804739344223e-07 1.8166190477358563e-08 2.5457244820918694 1.407277490072899 -0.15628836171613522 1.4733395713883337 -2.2322056962605644e-08 -1.7030101811782146e-08 1.5959568944905462 0.9079335442758251 EXP_PCA 24.37343513680397 0.06582066083446086 0.08087840663645937 0.06170432687726823
06D4cq SNLS 0.411 0.001 53947.10757187821 0.11670826948102331 1.8479707955058478e-06 9.479523233849109e-09 0.12763673676473747 0.3298966944683832 -0.5521737391382227 0.2786358624382921 8.862042468450855e-10 1.5648436074239803e-10 0.0785696358144843 2.5079092790082913 EXP_PCA 22.39826224113783 0.005569493632619084 -0.000520670585244146 -9.193908061190226e-05
